4	5528061	5529114	1	1	0	1	0	36
4	6288903	6290713	1	1	0	1	0	16
4	6290859	6292923	1	1	0	3	0	31
4	6293095	6293643	1	1	0	1	0	32
4	6293725	6296767	1	1	0	4	0	35
4	6296917	6302383	1	1	0	3	0	37
4	10503036	10509582	2	2	0	3	0	32
4	10509661	10515087	2	2	0	1	0	26
4	10522456	10527464	2	2	0	2	0	29
4	10527547	10529699	2	2	0	3	0	21
4	10529719	10533879	2	2	0	1	0	19
4	10533908	10542117	2	2	0	1	0	30
4	10542229	10543645	2	2	0	2	0	20
4	10543666	10543878	2	2	0	1	0	20
4	10560077	10566294	2	2	0	3	0	35
4	10566402	10567632	2	2	0	3	0	29
4	10599674	10669482	2	2	0	3	0	13
4	11401738	11430322	2	2	0	2	0	19
4	13578616	13579026	2	2	0	2	0	31
4	13579112	13579205	2	2	0	3	0	36
4	13579256	13581551	2	2	0	3	0	26
4	13581598	13582643	2	2	0	2	0	30
4	13583935	13584275	2	2	0	1	0	12
4	13584361	13588019	2	2	0	2	0	37
4	13588100	13589322	2	2	0	3	0	36
4	13592071	13593546	2	2	0	2	0	27
4	13593591	13597483	2	2	0	4	0	28
4	13597569	13598727	2	2	0	2	0	28
4	13598793	13600569	2	2	0	1	0	24
4	13608814	13610153	2	2	0	1	0	17
4	13610293	13610918	2	2	0	1	0	19
4	13615286	13615819	2	2	0	1	0	25
4	13616435	13616935	2	2	0	2	0	20
4	13617127	13621566	2	2	0	2	0	16
4	15780271	15818133	1	1	0	2	0	32
4	15818264	15826503	1	1	0	2	0	35
4	15835926	15839714	1	1	0	1	0	18
4	15839789	15841648	1	1	0	1	0	26
4	15841742	15842074	1	1	0	3	0	34
4	17581563	17583382	1	1	0	4	0	34
4	17583438	17583910	1	1	0	2	0	25
4	17584017	17585105	1	1	0	1	0	32
4	17586760	17590441	1	1	0	1	0	24
4	17597158	17598668	1	1	0	1	0	27
4	17598758	17600078	1	1	0	2	0	21
4	17608562	17609022	1	1	0	4	0	36
4	41748340	41749365	2	2	0	1	0	14
4	41749554	41750386	2	2	0	1	0	37
4	48994108	48996635	1	1	0	3	0	26
4	48996838	49000476	1	1	0	3	0	34
4	49000566	49005751	1	1	0	3	0	36
4	49006010	49009217	1	1	0	1	0	18
4	49009344	49019265	1	1	0	2	0	36
4	49019346	49030645	1	1	0	2	0	17
4	49030752	49032841	1	1	0	2	0	26
4	49032978	49034582	1	1	0	2	0	26
4	49034733	49040052	1	1	0	1	0	25
4	49046865	49052710	1	1	0	1	0	12
4	49052867	49063828	1	1	0	1	0	34
4	57209133	57209727	2	2	0	2	0	31
4	57209851	57211292	2	2	0	1	0	29
4	57211457	57215428	2	2	0	4	0	27
4	57216225	57217507	2	2	0	3	0	37
4	57217624	57219569	2	2	0	2	0	27
4	57219763	57220204	2	2	0	1	0	28
4	57220378	57220870	2	2	0	1	0	19
4	57250508	57253527	2	2	0	1	0	17
4	68606443	68610285	2	2	0	1	0	19
4	68610506	68619531	2	2	0	2	0	31
4	70707825	70709878	2	2	0	3	0	34
4	70710060	70713415	2	2	0	2	0	35
4	70713511	70715154	2	2	0	1	0	20
4	70715282	70719934	2	2	0	2	0	37
4	70721145	70723217	2	2	0	1	0	15
4	71226560	71227818	1	1	0	3	0	26
4	71227887	71232360	1	1	0	4	0	31
4	71588469	71628235	1	1	0	1	0	16
4	71628410	71629268	1	1	0	3	0	19
4	71630294	71634254	1	1	0	2	0	21
4	71634379	71639227	1	1	0	1	0	13
4	71640951	71644085	1	1	0	1	0	37
4	71644156	71648807	1	1	0	1	0	26
4	71648901	71650512	1	1	0	3	0	28
4	71654691	71655211	1	1	0	2	0	30
4	71655310	71656941	1	1	0	2	0	37
4	74306531	74308012	1	1	0	1	0	37
4	74308146	74309063	1	1	0	1	0	22
4	74309162	74310709	1	1	0	4	0	24
4	74310840	74313178	1	1	0	2	0	24
4	74313394	74315051	1	1	0	2	0	17
4	74315851	74316331	1	1	0	2	0	19
4	74347581	74349657	1	1	0	2	0	18
4	74350108	74351578	1	1	0	1	0	26
4	74351791	74352683	1	1	0	1	0	34
4	74353539	74354346	1	1	0	1	0	22
4	74354477	74357588	1	1	0	1	0	35
4	74357804	74361016	1	1	0	1	0	31
4	74361150	74363368	1	1	0	3	0	19
4	74363467	74364830	1	1	0	2	0	21
4	74365945	74367503	1	1	0	2	0	33
4	74702577	74702680	1	1	0	2	0	37
4	74702814	74702919	1	1	0	2	0	31
4	74703004	74703339	1	1	0	2	0	30
4	88720786	88723499	1	1	0	2	0	31
4	88723568	88723659	1	1	0	2	0	27
4	88731917	88732513	1	1	0	4	0	36
4	100197806	100200582	2	2	0	0	1	29
4	100197806	100231921	2	2	0	0	1	29
4	100200722	100201300	2	2	0	1	0	24
4	100203764	100205555	2	2	0	4	0	37
4	100205776	100205872	2	2	0	1	0	29
4	100334330	100336634	2	2	0	1	0	18
4	100336774	100340142	2	2	0	2	0	33
4	100349147	100349243	2	2	0	1	0	13
4	100349332	100349648	2	2	0	2	0	28
4	100350791	100356372	2	2	0	3	0	30
4	100803225	100805218	2	2	0	1	0	15
4	100805283	100806698	2	2	0	1	0	25
4	100806812	100808452	2	2	0	3	0	32
4	100808512	100813156	2	2	0	2	0	35
4	100813192	100815111	2	2	0	1	0	34
4	100815158	100815491	2	2	0	1	0	33
4	103422946	103446668	1	1	0	1	0	22
4	103451072	103455001	1	1	0	3	0	22
4	103455043	103459014	1	1	0	2	0	26
4	103459114	103488143	1	1	0	1	0	22
4	103498197	103500037	1	1	0	1	0	32
4	103500197	103501691	1	1	0	2	0	31
4	103504115	103505838	1	1	0	2	0	25
4	103505978	103514581	1	1	0	1	0	17
4	103514726	103516048	1	1	0	1	0	14
4	103517490	103518676	1	1	0	1	0	36
4	103522167	103527652	1	1	0	1	0	24
4	103527855	103528306	1	1	0	1	0	30
4	103528477	103528805	1	1	0	1	0	18
4	103528909	103531731	1	1	0	1	0	26
4	103531857	103533200	1	1	0	2	0	35
4	103533268	103533590	1	1	0	4	0	34
4	103553439	103555944	2	2	0	2	0	31
4	103556203	103557021	2	2	0	3	0	30
4	103557165	103560869	2	2	0	2	0	33
4	103571859	103578838	2	2	0	1	0	32
4	103592556	103595075	2	2	0	1	0	22
4	103595228	103610730	2	2	0	1	0	30
4	103611929	103635594	2	2	0	2	0	22
4	103645125	103647745	2	2	0	1	0	34
4	110736961	110737308	1	1	0	1	0	13
4	110737535	110739091	1	1	0	2	0	32
4	110739247	110740156	1	1	0	2	0	18
4	110740217	110743502	1	1	0	2	0	22
4	110743645	110745120	1	1	0	2	0	21
4	110745190	110745573	1	1	0	2	0	30
4	113218626	113236956	1	1	0	1	0	15
4	113299055	113303553	1	1	0	1	0	30
4	113303709	113332982	1	1	0	2	0	29
4	113333182	113345099	1	1	0	2	0	31
4	113345160	113346820	1	1	0	3	0	35
4	113346908	113347622	1	1	0	1	0	30
4	113347700	113348725	1	1	0	1	0	29
4	113350410	113351603	1	1	0	1	0	36
4	113359803	113360841	1	1	0	3	0	32
4	113361029	113362072	1	1	0	2	0	18
4	122059840	122062970	2	2	0	3	0	32
4	122063070	122063880	2	2	0	3	0	20
4	122063932	122068203	2	2	0	3	0	25
4	122068330	122071257	2	2	0	1	0	25
4	122075835	122078248	2	2	0	1	0	18
4	122078399	122079841	2	2	0	1	0	30
4	122079908	122082290	2	2	0	2	0	27
4	123375009	123377298	2	2	0	2	0	24
4	123377359	123377448	2	2	0	2	0	19
4	129731033	129752887	1	1	0	1	0	20
4	129770323	129773211	1	1	0	2	0	37
4	129773424	129776784	1	1	0	1	0	34
4	129778610	129782858	1	1	0	1	0	13
4	129783381	129789010	1	1	0	1	0	19
4	129789129	129792509	1	1	0	1	0	21
4	166129055	166141085	1	1	0	2	0	31
4	166150066	166159929	1	1	0	2	0	22
4	166160052	166184348	1	1	0	1	0	27
4	166184512	166215510	1	3	0	1	0	12
4	166215621	166218760	1	1	0	2	0	26
4	166218878	166220658	1	1	0	4	0	33
4	166220809	166226759	1	1	0	1	0	34
4	166226878	166231704	1	1	0	1	0	18
4	166231903	166232615	1	1	0	1	0	15
4	166232718	166234389	1	1	0	3	0	22
4	166234519	166235177	1	1	0	2	0	37
4	166235319	166238977	1	1	0	1	0	18
4	166239122	166243183	1	1	0	1	0	31
4	166910644	166913955	1	1	0	2	0	17
4	166914037	166915532	1	1	0	4	0	28
4	166915686	166916212	1	1	0	1	0	13
4	166916331	166924542	1	1	0	1	0	26
4	166924722	166929094	1	1	0	2	0	25
4	166929201	166935587	1	1	0	2	0	30
4	166935713	166946467	1	1	0	2	0	17
4	166946584	166960490	1	1	0	1	0	30
4	166964572	166976227	1	1	0	2	0	36
4	166976424	166978335	1	1	0	3	0	32
4	166978462	166981179	1	1	0	1	0	36
4	166981341	166986834	1	1	0	1	0	27
4	166996156	166999054	1	1	0	2	0	34
4	167020680	167021893	1	1	0	3	0	20
4	187066267	187070326	1	1	0	1	0	12
4	187070438	187070719	1	1	0	2	0	33
4	187070859	187073056	1	1	0	2	0	25
4	187073200	187074798	1	1	0	1	0	33
4	187074925	187075621	1	1	0	1	0	22
4	187077345	187078718	1	1	0	1	0	15
4	187084788	187086497	1	1	0	2	0	18
4	187088251	187088334	1	1	0	3	0	35
4	187088417	187093067	1	1	0	1	0	14
4	190862227	190864356	1	1	0	3	0	29
4	190864428	190873316	1	1	0	1	0	28
4	190873443	190874222	1	1	0	1	0	27
4	190874281	190876191	1	1	0	4	0	25
4	190876307	190878552	1	1	0	1	0	15
4	190878658	190881902	1	1	0	3	0	25
4	190881995	190882976	1	1	0	1	0	31
7	2296659	2296999	2	2	0	1	0	15
7	2297150	2297369	2	2	0	3	0	27
7	2297439	2302864	2	2	0	2	0	34
7	2302998	2303932	2	2	0	1	0	29
7	2304094	2309193	2	2	0	2	0	13
7	2309275	2311484	2	2	0	2	0	32
7	2311607	2314746	2	2	0	1	0	29
7	2559928	2564328	1	1	0	1	0	29
7	2564378	2564852	1	1	0	2	0	21
7	2564953	2565047	1	1	0	2	0	36
7	2565202	2565318	1	1	0	2	0	34
7	2566044	2566469	1	1	0	3	0	30
7	6057677	6062933	1	1	0	2	0	19
7	6064433	6066358	2	2	0	1	0	29
7	6066593	6068245	2	2	0	1	0	36
7	6068329	6068548	2	2	0	2	0	31
7	6068664	6077054	2	2	0	3	0	30
7	6078303	6080522	2	2	0	1	0	34
7	6086723	6088437	2	2	0	2	0	24
7	6088476	6089542	2	2	0	1	0	20
7	7274171	7277885	1	1	0	1	0	12
7	7676714	7677494	2	2	0	2	0	37
7	7677604	7678700	2	2	0	3	0	34
7	7678776	7679950	2	2	0	2	0	15
7	7726960	7754805	2	2	0	1	0	19
7	7754858	7758145	2	2	0	1	0	26
7	8009439	8043537	1	1	0	1	0	19
7	8043690	8062112	1	1	0	1	0	12
7	8099879	8110550	1	1	0	2	0	31
7	8110762	8124526	1	1	0	1	0	31
7	19739904	19744401	2	2	0	1	0	12
7	19744544	19748385	2	2	0	1	0	37
7	20371557	20403259	1	1	0	1	0	17
7	20406810	20418673	1	1	0	2	0	21
7	20431122	20434518	1	1	0	2	0	12
7	20434609	20438482	1	1	0	1	0	34
7	20441750	20444250	1	1	0	2	0	23
7	20449402	20449497	1	1	0	1	0	25
7	21467877	21468294	1	1	0	1	0	32
7	21468411	21468906	1	1	0	1	0	18
7	21470462	21516696	1	1	0	1	0	34
7	21521742	21550639	1	1	0	1	0	17
7	24663404	24681334	1	1	0	1	0	14
7	24681488	24689230	1	1	0	2	0	29
7	24689384	24690103	1	1	0	2	0	16
7	24690332	24703208	1	1	0	1	0	32
7	24705307	24705639	1	1	0	1	0	33
7	24705709	24708117	1	1	0	1	0	30
7	24718953	24720010	1	1	0	1	0	34
7	24720140	24727056	1	1	0	2	0	30
7	25264793	25266244	2	2	0	2	0	14
7	25266646	25267920	2	2	0	2	0	37
7	26217743	26223320	1	1	0	1	0	29
7	27141085	27141728	2	2	0	1	0	22
7	27181705	27182664	2	2	0	1	0	24
7	27185537	27186926	2	2	0	3	0	36
7	27222648	27224054	2	2	0	3	0	28
7	27283022	27284666	1	1	0	1	0	25
7	29394280	29407547	1	1	0	1	0	16
7	29407604	29433294	1	1	0	1	0	25
7	29433327	29437988	1	1	0	1	0	34
7	29438103	29440158	1	1	0	2	0	24
7	29440445	29519894	1	1	0	2	0	30
7	29519973	29535567	1	1	0	2	0	12
7	29535653	29539482	1	1	0	1	0	35
7	29544438	29546843	1	1	0	3	0	31
7	29546982	29548916	1	1	0	2	0	28
7	29549023	29552179	1	1	0	2	0	29
7	30054510	30058611	2	2	0	2	0	32
7	30058740	30062280	2	2	0	2	0	25
7	30062433	30065927	2	2	0	1	0	36
7	30465327	30468989	2	2	0	1	0	28
7	30469074	30472711	2	2	0	1	0	17
7	30472796	30475613	2	2	0	1	0	19
7	30475698	30477188	2	2	0	2	0	30
7	30477273	30485756	2	2	0	2	0	18
7	30485841	30486582	2	2	0	2	0	26
7	30486667	30487913	2	2	0	2	0	37
7	30487998	30490831	2	2	0	1	0	28
7	30492657	30494752	2	2	0	2	0	33
7	30498857	30499516	2	2	0	1	0	22
7	30499658	30518221	2	2	0	1	0	21
7	30540298	30544184	2	2	0	1	0	26
7	30791921	30793346	1	1	0	1	0	21
7	30793555	30795037	1	1	0	2	0	22
7	32527370	32528236	2	2	0	1	0	17
7	32528265	32528860	2	2	0	3	0	28
7	32528957	32529636	2	2	0	2	0	26
7	37888331	37888425	1	1	0	2	0	35
7	37889902	37889979	1	1	0	1	0	24
7	37890038	37890230	1	1	0	1	0	18
7	37890338	37896875	1	1	0	3	0	22
7	37896948	37901629	1	1	0	2	0	30
7	37903065	37903949	1	1	0	1	0	27
7	37904024	37905126	1	1	0	2	0	29
7	37905220	37907303	1	1	0	2	0	27
7	37916610	37923904	1	1	0	2	0	36
7	37924050	37924746	1	1	0	1	0	12
7	37924855	37927878	1	1	0	1	0	32
7	37928031	37934067	1	1	0	2	0	18
7	37936710	37939845	1	1	0	3	0	25
7	37960811	37988441	1	1	0	2	0	25
7	38218023	38247047	1	1	0	1	0	29
7	38247331	38253957	1	1	0	1	0	26
7	38254036	38254628	1	1	0	1	0	20
7	38256680	38256788	1	1	0	2	0	23
7	38256907	38259165	1	1	0	1	0	14
7	38259262	38268399	1	1	0	3	0	27
7	38268473	38269523	1	1	0	1	0	20
7	39610227	39611875	1	1	0	3	0	19
7	39736459	39745721	1	1	0	1	0	20
7	39991452	40027197	1	1	0	2	0	37
7	40027858	40037092	1	1	0	2	0	27
7	40037264	40038959	1	1	0	2	0	21
7	40039100	40041459	1	1	0	2	0	30
7	40041631	40085434	1	1	0	4	0	35
7	40085625	40087419	1	1	0	2	0	21
7	40087477	40102424	1	1	0	1	0	23
7	40102527	40102621	1	1	0	2	0	23
7	40102700	40117603	1	1	0	2	0	24
7	40117721	40118318	1	1	0	1	0	21
7	40118451	40127724	1	1	0	1	0	29
7	40127931	40132383	1	1	0	2	0	27
7	40132837	40133728	1	1	0	1	0	26
7	42957290	42957376	2	2	0	1	0	24
7	42957435	42961456	2	2	0	2	0	33
7	42961531	42962923	2	2	0	1	0	29
7	42964397	42966134	2	2	0	1	0	18
7	42974736	42976920	1	1	0	5	0	26
7	43679281	43680171	2	2	0	1	0	24
7	43680249	43684849	2	2	0	3	0	35
7	43684999	43687133	2	2	0	1	0	31
7	43687234	43688198	2	2	0	1	0	17
7	43921297	43921505	2	2	0	1	0	32
7	43982631	43988230	1	1	0	2	0	30
7	43988337	43990197	1	1	0	2	0	28
7	44146487	44147037	1	1	0	3	0	33
7	44147110	44147227	1	1	0	2	0	25
7	44147300	44147407	1	1	0	2	0	20
7	44147531	44147605	1	1	0	6	0	27
7	44147684	44148497	1	1	0	4	0	29
7	44148576	44148705	1	1	0	1	0	37
7	44148784	44148886	1	1	0	2	0	35
7	44148941	44149613	1	1	0	3	0	37
7	44149724	44149805	1	1	0	3	0	26
7	44150657	44150752	1	1	0	3	0	33
7	44151230	44151452	1	1	0	1	0	20
7	44152509	44152589	1	1	0	1	0	33
7	44154954	44155364	2	2	0	1	0	14
7	44155493	44155713	2	2	0	1	0	18
7	44155872	44156028	2	2	0	1	0	19
7	44156110	44156415	2	2	0	3	0	34
7	44156615	44156731	2	2	0	1	0	28
7	44156847	44157217	2	2	0	3	0	37
7	44157664	44161432	2	2	0	2	0	36
7	44244250	44245983	1	1	0	3	0	29
7	44687359	44706334	1	1	0	2	0	36
7	44706451	44713385	1	1	0	3	0	36
7	44713541	44714009	1	1	0	1	0	13
7	44714157	44714776	1	1	0	2	0	18
7	44721448	44733423	1	1	0	3	0	29
7	44735727	44736027	1	1	0	1	0	36
7	44736157	44736512	1	1	0	2	0	26
7	44737097	44737202	1	1	0	3	0	37
7	44737382	44737790	1	1	0	1	0	21
7	44739869	44741141	1	1	0	2	0	33
7	44741215	44746823	1	1	0	4	0	36
7	44746988	44747180	1	1	0	4	0	34
7	44869763	44875127	2	2	0	2	0	27
7	49977219	50022937	2	2	0	2	0	37
7	50023116	50057835	2	2	0	3	0	30
7	50057913	50070687	2	2	0	2	0	27
7	50070907	50097584	2	2	0	1	0	28
7	50097738	50121369	2	2	0	2	0	36
7	50121496	50129224	2	2	0	2	0	24
7	72951721	72952263	2	2	0	4	0	37
7	72952344	72954211	2	2	0	1	0	24
7	72954383	72957877	2	2	0	2	0	32
7	72966573	72971816	2	2	0	1	0	19
7	73115171	73117174	2	2	0	2	0	16
7	73117313	73118084	2	2	0	1	0	34
7	73118159	73118477	2	2	0	2	0	36
7	73118587	73118679	2	2	0	1	0	31
7	73118754	73119479	2	2	0	1	0	22
7	73119555	73122918	2	2	0	2	0	37
7	73123019	73123374	2	2	0	1	0	33
7	73123453	73133931	2	2	0	1	0	27
7	73151022	73151258	2	2	0	1	0	22
7	73151441	73151550	2	2	0	1	0	14
7	73151722	73151891	2	2	0	3	0	36
7	73152794	73152975	2	2	0	2	0	13
7	73649976	73651691	2	2	0	2	0	35
7	73651773	73653252	2	2	0	1	0	25
7	73654426	73657475	2	2	0	2	0	37
7	73657577	73660991	2	2	0	1	0	27
7	73664111	73666758	2	2	0	1	0	22
7	73666829	73668600	2	2	0	3	0	29
7	73731998	73752777	1	1	0	1	0	28
7	73753335	73768209	1	1	0	1	0	32
7	73768335	73770739	1	1	0	1	0	23
7	73771808	73774504	1	1	0	2	0	31
7	73774609	73778584	1	1	0	1	0	16
7	73778646	73787261	1	1	0	1	0	19
7	73787367	73790216	1	1	0	2	0	24
7	73795194	73800850	1	1	0	3	0	30
7	73800935	73803432	1	1	0	2	0	24
7	73803590	73811403	1	1	0	1	0	33
7	73811564	73814699	1	1	0	3	0	37
7	75508579	75511146	1	1	0	2	0	34
7	75511555	75513015	1	1	0	1	0	31
7	75513167	75517309	1	1	0	1	0	24
7	81332074	81334705	2	2	0	1	0	31
7	81334852	81334962	2	2	0	2	0	20
7	81335744	81336605	2	2	0	1	0	36
7	81336681	81339462	2	2	0	1	0	37
7	81339560	81340796	2	2	0	3	0	33
7	81340836	81346547	2	2	0	1	0	23
7	81350164	81355205	2	2	0	2	0	26
7	81355334	81358920	2	2	0	1	0	13
7	81374437	81381435	2	2	0	3	0	33
7	89976089	89982129	1	1	0	3	0	36
7	89982324	89983771	1	1	0	2	0	16
7	89983864	89984399	1	1	0	1	0	16
7	90001543	90003615	1	1	0	1	0	28
7	90003669	90006820	1	1	0	1	0	33
7	90006929	90007447	1	1	0	3	0	28
7	90007526	90012269	1	1	0	1	0	25
7	90012394	90014205	1	1	0	1	0	14
7	91743158	91746357	2	2	0	2	0	27
7	91746527	91747833	2	2	0	1	0	32
7	91747930	91752433	2	2	0	2	0	19
7	91753168	91755566	2	2	0	1	0	22
7	91755742	91756818	2	2	0	6	0	37
7	91756946	91758193	2	2	0	2	0	32
7	91761187	91763486	2	2	0	1	0	26
7	93516744	93518346	2	2	0	1	0	16
7	93519632	93519902	2	2	0	2	0	22
7	93625634	93628481	2	2	0	1	0	32
7	94931646	94935596	2	2	0	2	0	19
7	94935679	94937322	2	2	0	1	0	28
7	94937524	94940762	2	2	0	1	0	28
7	94946102	94947634	2	2	0	1	0	21
7	94947706	94953713	2	2	0	2	0	12
7	95034801	95035430	2	2	0	3	0	35
7	95036381	95039212	2	2	0	2	0	37
7	95039414	95040964	2	2	0	1	0	14
7	95041092	95041623	2	2	0	2	0	37
7	95041790	95045553	2	2	0	1	0	24
7	95053898	95064189	2	2	0	1	0	28
7	95215094	95216321	2	2	0	2	0	27
7	95216436	95216729	2	2	0	2	0	30
7	95216841	95217038	2	2	0	4	0	35
7	95217138	95218951	2	2	0	2	0	24
7	95219029	95221299	2	2	0	4	0	32
7	95221910	95222071	2	2	0	3	0	35
7	96635385	96635468	1	3	0	1	0	24
7	96637144	96639107	1	1	0	4	0	37
7	96651682	96653580	2	2	0	2	0	28
7	97481781	97482371	2	2	0	2	0	35
7	97482528	97482616	2	2	0	2	0	31
7	97484772	97486001	2	2	0	2	0	33
7	97487718	97488165	2	2	0	2	0	28
7	97488268	97488524	2	2	0	2	0	25
7	97493809	97498219	2	2	0	2	0	22
7	97498492	97499089	2	2	0	1	0	33
7	97501309	97501662	2	2	0	1	0	27
7	97922909	97923385	2	2	0	1	0	27
7	97933689	97935750	2	2	0	1	0	28
7	97935829	97937000	2	2	0	1	0	30
7	97937209	97939756	2	2	0	2	0	36
7	97944925	97946530	2	2	0	1	0	26
7	97949442	97949548	2	2	0	2	0	34
7	97984441	97991668	2	2	0	1	0	25
7	97991745	98030113	2	2	0	1	0	22
7	99006869	99007656	1	1	0	2	0	33
7	99007793	99008686	1	1	0	2	0	29
7	99013884	99015051	1	1	0	3	0	17
7	99246024	99247695	2	2	0	1	0	30
7	99250403	99258121	2	2	0	1	0	19
7	99260506	99261590	2	2	0	4	0	37
7	99261719	99262788	2	2	0	2	0	22
7	99262938	99264223	2	2	0	2	1	37
7	99264313	99264574	2	2	0	2	0	21
7	99272209	99273737	2	2	0	1	0	35
7	99273832	99277448	2	2	0	0	1	19
7	99445878	99447168	1	1	0	2	0	21
7	99453342	99454455	1	1	0	1	0	27
7	99454523	99457452	1	1	0	3	0	23
7	99457614	99459235	1	1	0	2	0	29
7	99459463	99461156	1	1	0	1	0	32
7	99461323	99463528	1	1	0	1	0	31
7	99972057	99987510	1	1	0	1	0	25
7	99987730	99995501	1	1	0	2	0	16
7	99995536	99996913	1	1	0	3	0	25
7	99996964	99997203	1	1	0	1	0	32
7	100200175	100201052	1	1	0	2	0	28
7	100201162	100201581	1	1	0	1	0	13
7	100201841	100202713	1	1	0	2	0	29
7	100202839	100203298	1	1	0	5	0	32
7	100203436	100204038	1	1	0	1	0	13
7	100204254	100205074	1	1	0	1	0	37
7	100205147	100205259	1	1	0	1	0	31
7	100209865	100210352	1	1	0	1	0	36
7	100210893	100211099	1	1	0	5	0	26
7	100211330	100212489	1	1	0	1	0	29
7	100212655	100212774	1	1	0	2	0	12
7	100218750	100224385	2	2	0	1	0	30
7	100224527	100224886	2	2	0	1	0	37
7	100225115	100225199	2	2	0	2	0	27
7	100225444	100225529	2	4	0	3	0	37
7	100225598	100225695	2	2	0	1	0	14
7	100225760	100225846	2	2	0	2	0	23
7	100225930	100226875	2	2	0	1	0	14
7	100228676	100229428	2	2	0	1	0	37
7	100229569	100229704	2	2	0	1	0	16
7	100229822	100230623	2	2	0	3	0	26
7	100230747	100230851	2	2	0	1	0	21
7	100230964	100231038	2	2	0	1	0	20
7	100231180	100238308	2	2	0	4	0	33
7	100238496	100238598	2	2	0	1	0	23
7	100238852	100239099	2	2	0	1	0	17
7	100240950	100243871	2	2	0	3	0	26
7	100243959	100244173	2	2	0	2	0	22
7	100244455	100244593	2	2	0	2	0	32
7	100244908	100245066	2	2	0	2	0	32
7	100245157	100246178	2	2	0	1	0	31
7	100246286	100246351	2	2	0	2	0	26
7	100246447	100247660	2	2	0	2	0	20
7	100247759	100252641	2	2	0	3	0	34
7	100465611	100465729	1	1	0	4	0	33
7	100465856	100466116	1	1	0	1	0	14
7	100466489	100467991	1	1	0	1	0	37
7	100468366	100469164	1	1	0	1	0	21
7	100469344	100470245	1	1	0	2	0	19
7	100771946	100773701	1	1	0	1	0	22
7	100775351	100776975	1	1	0	1	0	27
7	100780366	100780685	1	1	0	2	0	27
7	100839382	100839467	2	2	0	3	0	33
7	100839671	100841471	2	2	0	2	0	25
7	100843797	100844026	2	2	0	3	0	17
7	100849718	100850059	2	2	0	2	0	17
7	100850186	100850858	2	2	0	1	0	17
7	100851006	100852133	2	2	0	5	0	37
7	100852239	100853373	2	2	0	2	0	23
7	100853726	100853812	2	2	0	1	0	19
7	100853955	100854871	2	2	0	2	0	18
7	100854998	100855126	2	2	0	1	0	29
7	100855656	100855810	2	2	0	1	0	16
7	100855937	100856122	2	2	0	2	0	36
7	100856225	100856387	2	2	0	2	0	37
7	100856486	100858369	2	2	0	1	0	37
7	100858434	100859188	2	2	0	1	0	19
7	100859302	100859443	2	2	0	1	0	21
7	100859608	100859690	2	2	0	3	0	23
7	100859828	100859975	2	2	0	1	0	19
7	100883185	100883422	2	2	0	1	0	22
7	100884188	100887287	2	2	0	2	0	34
7	100887421	100888240	2	2	0	1	0	32
7	101256854	101256941	2	2	0	1	0	17
7	101256991	101259499	2	2	0	3	0	21
7	101267302	101267451	2	2	0	1	0	36
7	101267545	101272320	2	2	0	1	0	18
7	105732386	105733394	2	2	0	1	0	23
7	105733584	105738135	2	2	0	3	0	28
7	105739729	105752585	2	2	0	1	0	35
7	105752658	105752924	2	2	0	1	0	37
7	105893598	105894809	2	2	0	1	0	15
7	105902154	105903837	2	2	0	2	0	32
7	105904064	105908909	2	2	0	1	0	12
7	105909047	105909599	2	2	0	1	0	26
7	105909759	105912975	2	2	0	1	0	30
7	105913105	105915391	2	2	0	1	0	28
7	105915496	105917468	2	2	0	2	0	15
7	106809631	106820323	1	1	0	2	0	34
7	106823047	106826245	1	1	0	3	0	37
7	106826388	106826805	1	1	0	2	0	36
7	106826918	106827013	1	1	0	1	0	22
7	106827127	106829736	1	1	0	1	0	12
7	106829894	106830617	1	1	0	2	0	30
7	106830763	106836278	1	1	0	2	0	32
7	106836597	106840604	1	1	0	3	0	27
7	106840747	106841858	1	1	0	1	0	24
7	107221310	107224326	1	1	0	1	0	35
7	107224428	107234399	1	1	0	1	0	21
7	107236448	107240841	1	1	0	1	0	16
7	107240951	107253776	1	1	0	1	0	18
7	107393957	107394339	1	1	0	1	0	32
7	107394424	107395862	1	1	0	1	0	27
7	107395937	107398587	1	1	0	2	0	37
7	107542839	107543922	1	1	0	1	0	25
7	107556142	107557238	1	1	0	1	0	19
7	107557410	107557717	1	1	0	2	0	21
7	107558507	107559454	1	1	0	2	0	34
7	107559545	107559638	1	1	0	3	0	14
7	107564533	107564674	2	2	0	1	0	19
7	107564835	107566627	2	2	0	2	0	37
7	107566805	107569508	2	2	0	1	0	33
7	107569651	107569856	2	2	0	1	0	28
7	107570065	107571800	2	2	0	2	0	32
7	107571946	107572618	2	2	0	1	0	23
7	107572823	107575859	2	2	0	1	0	37
7	107576102	107577537	2	2	0	2	0	21
7	107577723	107580433	2	2	0	2	0	29
7	107580804	107591670	2	2	0	2	0	29
7	107591768	107592453	2	2	0	2	0	23
7	107592669	107593974	2	2	0	1	0	22
7	107594200	107595911	2	2	0	1	0	19
7	107596076	107599693	2	2	0	1	0	29
7	107600280	107600889	2	2	0	5	0	35
7	107603509	107604996	2	2	0	2	0	34
7	107605133	107613436	2	2	0	1	0	32
7	107618613	107621053	2	2	0	1	0	20
7	107621257	107626466	2	2	0	1	0	26
7	107626531	107626619	2	2	0	1	0	14
7	107626809	107635331	2	2	0	2	0	33
7	107664624	107669487	2	2	0	3	0	26
7	107671425	107674652	2	2	0	1	0	22
7	107674792	107677832	2	2	0	1	0	20
7	107678041	107684196	2	2	0	2	0	35
7	107684342	107688352	2	2	0	1	0	37
7	107688557	107689770	2	2	0	1	0	20
7	107689977	107692541	2	2	0	1	0	35
7	107696453	107698276	2	2	0	2	0	18
7	107698374	107703218	2	4	0	1	0	16
7	107703440	107704205	2	2	0	1	0	28
7	107704431	107706206	2	2	0	3	0	19
7	107707046	107708460	2	2	0	1	0	31
7	107717510	107718645	2	2	0	3	0	32
7	107720232	107732070	2	2	0	4	0	27
7	107732222	107732781	2	2	0	3	0	32
7	107732862	107735672	2	2	0	2	0	29
7	107735783	107738847	2	2	0	2	0	24
7	107739028	107743488	2	2	0	1	0	18
7	107743678	107744943	2	2	0	1	0	15
7	107745065	107746261	2	2	0	1	0	12
7	107746477	107746953	2	2	0	1	0	33
7	107747018	107748075	2	2	0	2	0	29
7	107749690	107752255	2	2	0	1	0	29
7	107756607	107763575	2	2	0	2	0	36
7	112063488	112090562	1	1	0	1	0	16
7	112095923	112096056	1	1	0	1	0	14
7	112096142	112096968	1	1	0	3	0	28
7	112097094	112098915	1	1	0	3	0	37
7	112099074	112101920	1	1	0	1	0	33
7	112101972	112102055	1	1	0	1	0	15
7	112102235	112102324	1	1	0	4	0	30
7	112102434	112108035	1	1	0	1	0	22
7	112112403	112112820	1	1	0	2	0	28
7	116139986	116140313	1	1	0	2	0	32
7	116140502	116146024	1	1	0	1	0	35
7	117149197	117170952	1	1	0	2	0	27
7	117174420	117175301	1	1	0	1	0	23
7	117180401	117182069	1	1	0	2	0	31
7	117182163	117188694	1	1	0	3	0	33
7	117188878	117199517	1	1	0	1	0	27
7	117199710	117227792	1	1	0	3	0	36
7	117227888	117230406	1	1	0	1	0	23
7	117230494	117231987	1	1	0	1	0	12
7	117232712	117234983	1	1	0	2	0	24
7	117235113	117242879	1	1	0	1	0	18
7	117242918	117243585	1	1	0	1	0	19
7	117243837	117246727	1	1	0	2	0	14
7	117246808	117250572	1	1	0	1	0	33
7	117250724	117251634	1	1	0	1	0	15
7	117251863	117254666	1	1	0	1	0	25
7	117254768	117267575	1	1	0	1	0	32
7	117267825	117282491	1	1	0	2	0	32
7	117282648	117292895	1	1	0	3	0	31
7	117292986	117304741	1	1	0	2	0	27
7	117304915	117305512	1	1	0	1	0	19
7	117305619	117306961	1	1	0	1	0	35
7	117358174	117359557	2	2	0	1	0	15
7	117359691	117361120	2	2	0	1	0	24
7	117361185	117364600	2	2	0	1	0	24
7	117364787	117365105	2	2	0	3	0	29
7	117368322	117374966	2	2	0	2	0	36
7	117375476	117385884	2	2	0	2	0	22
7	117385985	117386066	2	2	0	1	0	13
7	117398025	117400488	2	2	0	2	0	24
7	117400765	117407112	2	2	0	1	0	18
7	117407231	117417564	2	2	0	2	0	35
7	117417820	117420494	2	2	0	4	0	36
7	117420646	117422915	2	2	0	2	0	31
7	117423016	117424304	2	2	0	2	0	37
7	120446747	120450516	2	2	0	1	0	17
7	120450625	120455782	2	2	0	3	0	30
7	120455858	120478830	2	2	0	2	0	27
7	120478967	120480080	2	2	0	2	0	25
7	120480164	120496751	2	2	0	1	0	31
7	120496888	120497873	2	2	0	3	0	34
7	120969442	120969620	1	1	0	1	0	34
7	120972019	120978934	1	1	0	2	0	36
7	122757663	122759134	2	2	0	2	0	21
7	122759297	122763179	2	2	0	2	0	25
7	122763290	122765622	2	2	0	1	0	29
7	122765730	122768898	2	2	0	3	0	29
7	122769001	122769436	2	2	0	1	0	20
7	122769536	122774463	2	2	0	1	0	28
7	122774584	122787212	2	2	0	2	0	28
7	122808616	122809201	2	2	0	3	0	22
7	122809390	122811821	2	2	0	1	0	22
7	122811959	122821026	2	2	0	2	0	35
7	122821156	122839901	2	2	0	2	0	36
7	123332922	123334768	2	2	0	4	0	36
7	123334923	123335876	2	2	0	3	0	35
7	123335920	123336632	2	2	0	1	0	28
7	123344712	123346330	2	2	0	1	0	21
7	123346428	123346793	2	2	0	2	0	17
7	123346881	123349142	2	2	0	1	0	37
7	123349278	123388671	2	2	0	2	0	37
7	123485740	123488142	1	1	0	1	0	21
7	123488213	123508276	1	1	0	1	0	20
7	123509282	123514814	1	1	0	3	0	22
7	123587843	123589925	1	1	0	2	0	35
7	123594579	123595050	1	1	0	2	0	35
7	127230192	127231016	1	1	0	1	0	29
7	127953328	127954816	2	2	0	4	0	36
7	127958160	127961318	2	2	0	1	0	36
7	127961478	127963579	2	2	0	2	0	13
7	127964748	127965870	2	2	0	1	0	24
7	127970982	127973343	2	2	0	5	0	24
7	127973417	127975596	2	2	0	1	0	31
7	127975734	127975900	2	2	0	1	0	37
7	127976097	127977184	2	2	0	3	0	30
7	127977257	127978303	2	2	0	3	0	34
7	127978397	127978779	2	2	0	3	0	27
7	129297415	129311268	1	1	0	2	0	32
7	129317599	129330245	1	1	0	1	0	13
7	129330387	129348914	1	1	0	2	0	32
7	129349074	129350213	1	1	0	1	0	35
7	129357217	129367080	1	1	0	2	0	34
7	129908851	129909508	1	1	0	1	0	34
7	129909644	129910532	1	1	0	3	0	33
7	129910629	129912915	1	1	0	1	0	19
7	129915088	129916467	1	1	0	3	0	37
7	129916579	129917665	1	1	0	3	0	34
7	129917757	129919302	1	1	0	1	0	17
7	129933089	129938585	1	1	0	1	0	29
7	129938668	129939109	1	1	0	2	0	20
7	129939245	129940655	1	1	0	1	0	18
7	129944420	129945655	1	1	0	2	0	16
7	129945761	129946626	1	1	0	1	0	19
7	129946738	129948146	1	1	0	3	0	37
7	129950827	129951877	1	1	0	1	0	24
7	129951963	129962328	1	1	0	3	0	29
7	130022051	130023231	1	1	0	3	0	34
7	130024468	130024986	1	1	0	2	0	16
7	130025187	130025679	1	1	0	1	0	26
7	130025765	130027664	1	1	0	1	0	22
7	130038881	130039879	2	2	0	2	0	37
7	130040663	130041721	2	2	0	1	0	18
7	130041790	130042488	2	2	0	3	0	27
7	130042641	130044404	2	2	0	1	0	20
7	130051033	130052019	2	2	0	1	0	34
7	130052082	130056759	2	2	0	2	0	32
7	130135364	130136996	1	1	0	3	0	27
7	130138117	130138259	1	1	0	1	0	19
7	130139757	130140302	1	1	0	1	0	33
7	130140374	130140629	1	1	0	3	0	29
7	130140732	130142484	1	1	0	1	0	21
7	130142562	130143773	1	1	0	2	0	34
7	139797443	139798678	2	2	0	1	0	28
7	139798834	139799698	2	2	0	3	0	28
7	139799824	139801750	2	4	0	2	0	33
7	139801961	139810894	2	2	0	1	0	25
7	139810985	139813290	2	2	0	2	0	37
7	139813383	139818912	2	2	0	2	0	18
7	139819020	139820241	2	2	0	2	0	28
7	139820330	139824420	2	2	0	3	0	32
7	139827384	139829292	2	2	0	2	0	32
7	140374558	140378954	1	1	0	2	0	32
7	140387042	140389396	1	1	0	2	0	31
7	140396643	140397874	1	1	0	2	0	29
7	140402811	140404659	1	1	0	1	0	12
7	140404764	140406362	1	1	0	2	0	32
7	143969609	143971052	2	2	0	0	1	23
7	143971997	143973444	2	2	0	0	1	14
7	143973535	143973971	2	2	0	0	2	37
7	143979628	143979818	2	2	0	0	1	37
7	144064004	144064194	1	1	0	0	1	37
7	144069851	144070287	1	1	0	0	2	37
7	144070378	144071824	1	1	0	2	1	31
7	144071983	144072606	1	1	0	2	0	22
7	144072769	144074212	1	1	0	2	1	34
7	144074284	144075854	1	1	0	1	0	30
7	144094635	144095374	2	2	0	1	0	16
7	144095680	144096042	2	2	0	1	0	25
7	144096576	144096849	2	2	0	2	0	32
7	144096957	144097298	2	2	0	3	0	32
7	149543345	149544823	1	1	0	4	0	33
7	149547428	149556510	1	1	0	1	0	20
7	149559584	149561197	1	1	0	2	0	36
7	150035529	150035703	2	2	0	1	0	33
7	150035831	150036074	2	2	0	3	0	22
7	150037719	150038666	2	2	0	2	0	35
7	150382874	150384139	1	1	0	1	0	14
7	150384176	150389402	1	1	0	1	0	25
7	150497917	150498623	1	1	0	1	0	34
7	150498813	150499302	1	1	0	1	0	12
7	150499414	150500487	1	1	0	3	0	35
7	150500545	150500707	1	1	0	1	0	23
7	150912169	150912689	2	2	0	1	0	25
7	150912819	150913052	2	2	0	1	0	26
7	150915278	150915646	2	2	0	2	0	30
7	150915737	150915839	2	2	0	1	0	34
7	150915960	150916149	2	2	0	1	0	19
7	150916246	150918663	2	2	0	1	0	12
7	150918767	150919606	2	2	0	4	0	28
7	150919703	150920763	2	2	0	1	0	34
7	150920936	150921017	2	2	0	3	0	26
7	150922075	150923390	2	2	0	2	0	31
7	150931361	150932133	1	1	0	2	0	32
7	150932699	150933493	1	1	0	2	0	21
7	150933677	150934459	1	1	0	1	0	26
12	1022619	1023059	2	2	0	2	0	14
12	1023288	1023596	2	2	0	1	0	30
12	1023699	1025509	2	2	0	2	0	35
12	1036430	1038984	2	2	0	1	0	21
12	1039311	1040385	2	2	0	2	0	28
12	1040488	1042140	2	2	0	1	0	17
12	2906449	2906894	1	1	0	2	0	27
12	2907993	2908253	1	1	0	2	0	17
12	2908411	2909015	1	1	0	1	0	23
12	2909289	2909557	1	1	0	2	0	32
12	2909744	2910282	1	1	0	2	0	35
12	2910523	2912316	1	1	0	2	0	34
12	3389650	3390363	1	1	0	1	0	13
12	3390496	3390899	1	1	0	1	0	23
12	4446327	4458984	1	1	0	1	0	13
12	4459063	4460432	1	1	0	1	0	30
12	4460544	4461425	1	1	0	1	0	37
12	4700465	4702167	1	1	0	1	0	14
12	4702332	4705314	1	1	0	2	0	33
12	4705452	4705754	1	1	0	1	0	31
12	4705896	4708193	1	1	0	1	0	21
12	4708333	4708872	1	1	0	1	0	19
12	4714253	4716492	1	1	0	2	0	20
12	4716554	4719320	1	1	0	1	0	28
12	4721885	4722677	1	1	0	1	0	14
12	6309732	6334591	1	1	0	2	0	33
12	6334701	6341797	1	1	0	2	0	37
12	6341896	6342577	1	1	0	2	0	28
12	6344494	6344641	1	1	0	2	0	29
12	6344732	6345357	1	1	0	2	0	21
12	6345442	6346928	1	1	0	2	0	25
12	6419682	6421324	1	1	0	1	0	33
12	6421531	6422794	1	1	0	2	0	34
12	6422951	6424170	1	1	0	1	0	21
12	6424816	6425034	1	1	0	2	0	26
12	6425086	6425420	1	1	0	1	0	32
12	6425571	6426468	1	1	0	2	0	18
12	6426863	6427022	1	1	0	2	0	21
12	6427587	6427910	1	1	0	1	0	24
12	6428044	6428158	1	1	0	2	0	19
12	6428275	6435593	1	1	0	2	0	34
12	6437113	6437301	1	1	0	2	0	34
12	6438789	6438943	2	2	0	1	0	13
12	6439233	6439432	2	2	0	2	0	30
12	6439878	6440018	2	2	0	1	0	34
12	6442314	6442532	2	2	0	2	0	24
12	6443032	6443256	2	2	0	4	0	37
12	6857714	6857935	2	2	0	3	0	29
12	6858149	6859013	2	2	0	3	0	30
12	6859933	6860806	2	2	0	1	0	13
12	6860843	6861090	2	2	0	2	0	36
12	6861529	6862104	2	2	0	2	0	17
12	6882077	6882357	1	1	0	1	0	18
12	6883168	6883760	1	1	0	4	0	37
12	6884715	6886429	1	1	0	1	0	34
12	6887088	6887409	1	1	0	1	0	34
12	6909354	6909472	1	1	0	1	0	15
12	6909638	6923307	1	1	0	2	0	31
12	6923467	6923924	1	1	0	2	0	24
12	6925570	6926295	1	1	0	2	0	22
12	6926497	6927586	1	1	0	2	0	23
12	7014924	7015008	1	1	0	1	0	21
12	7015119	7015572	1	1	0	2	0	33
12	7015827	7016478	1	1	0	2	0	32
12	7016610	7019053	1	1	0	1	0	33
12	7019191	7021893	1	1	0	2	0	36
12	7973922	7980090	2	2	0	0	2	31
12	8074228	8075416	2	2	0	1	0	31
12	8077108	8078439	2	2	0	1	1	16
12	8078545	8082279	2	2	0	2	2	37
12	8083239	8083840	2	2	0	2	1	33
12	8085744	8086405	2	2	0	2	1	25
12	8086499	8088615	2	2	0	1	0	25
12	8192762	8195253	1	1	0	2	0	17
12	8195329	8196296	1	1	0	1	0	20
12	8196366	8196546	1	1	0	1	0	13
12	8196688	8197355	1	1	0	1	0	32
12	8197555	8200477	1	1	0	1	0	28
12	8200886	8201292	1	1	0	1	0	27
12	8201395	8201957	1	1	0	2	0	30
12	9094537	9095011	2	2	0	1	0	17
12	9095139	9096000	2	2	0	2	0	30
12	9096132	9096396	2	2	0	1	0	28
12	9096507	9098013	2	2	0	2	0	28
12	9098181	9098824	2	2	0	1	0	20
12	9447115	9447412	1	1	0	0	1	19
12	9455299	9456570	1	1	0	0	1	20
12	9464920	9465212	1	1	0	0	1	33
12	9465292	9465470	1	1	0	0	1	20
12	9571526	9571707	2	2	0	0	1	20
12	9572170	9572576	2	2	0	0	1	36
12	9574088	9574413	2	2	0	0	1	26
12	9578717	9580228	2	2	0	0	1	33
12	9580462	9581727	2	2	0	0	1	20
12	9585171	9585564	2	2	0	0	1	17
12	9589701	9589998	2	2	0	0	3	34
12	9596206	9600699	2	2	0	0	1	34
12	9906186	9907182	2	2	0	1	0	17
12	9907858	9908892	2	2	0	1	0	21
12	10010237	10015097	2	2	0	2	0	35
12	10772948	10774474	2	2	0	2	0	34
12	10774572	10775236	2	2	0	1	0	36
12	10775278	10777249	2	2	0	1	0	23
12	10777459	10780239	2	2	0	1	0	18
12	10780324	10782091	2	2	0	2	0	36
12	10783908	10786588	2	2	0	3	0	33
12	10787286	10789669	2	2	0	1	0	29
12	10789796	10826564	2	2	0	1	0	34
12	10852254	10853852	2	2	0	1	0	30
12	10853953	10854558	2	2	0	1	0	33
12	10854734	10856649	2	2	0	2	0	35
12	10856748	10862506	2	2	0	1	0	17
12	10862714	10865809	2	2	0	1	0	19
12	10865933	10868292	2	2	0	2	0	30
12	10868383	10870686	2	2	0	1	0	35
12	10871743	10875448	2	2	0	1	0	25
12	13044599	13061176	1	1	0	1	0	17
12	13140267	13142210	2	2	0	2	0	30
12	13197375	13208484	1	1	0	3	0	31
12	13208881	13211384	1	1	0	1	0	15
12	13211484	13214508	1	1	0	1	0	26
12	13215910	13219573	1	1	0	1	0	16
12	13220231	13221237	1	1	0	1	0	12
12	13221646	13224174	1	1	0	3	0	32
12	13224331	13228959	1	1	0	1	0	15
12	13229078	13232722	1	1	0	1	0	34
12	16035754	16036016	1	1	0	1	0	12
12	16036056	16036474	1	1	0	3	0	31
12	16036611	16042861	1	1	0	2	0	22
12	16042944	16043530	1	1	0	3	0	26
12	16043604	16046980	1	1	0	2	0	36
12	16047078	16048292	1	1	0	2	0	36
12	16048431	16050815	1	1	0	2	0	35
12	16053947	16055850	1	1	0	1	0	31
12	16510634	16516728	1	1	0	4	0	32
12	27786394	27787842	1	1	0	0	1	18
12	27799082	27800661	1	3	0	2	0	35
12	27800776	27802942	1	1	0	0	1	29
12	27803075	27807654	1	1	0	0	1	20
12	27807748	27809548	1	1	0	1	0	29
12	27809664	27811748	1	1	0	3	0	28
12	27813879	27817294	1	1	0	1	0	31
12	27817380	27820098	1	1	0	1	1	27
12	27824480	27825359	1	1	0	1	0	22
12	27826761	27827124	1	1	0	1	0	31
12	27832995	27834478	1	1	0	2	0	17
12	27835432	27835547	1	1	0	1	0	28
12	27840441	27841230	1	1	0	2	0	31
12	27842137	27844681	1	1	0	2	0	18
12	27844862	27845523	1	1	0	3	0	27
12	27845590	27845728	1	1	0	1	0	14
12	27872802	27876979	1	1	0	2	0	28
12	27877120	27888379	1	1	0	1	0	27
12	27888490	27890471	1	1	0	1	0	13
12	28116704	28122326	2	2	0	2	0	16
12	28122450	28122957	2	2	0	1	0	35
12	29423572	29446232	1	1	0	1	0	17
12	29446409	29449953	1	1	0	2	0	29
12	29450134	29460590	1	1	0	1	0	29
12	29460769	29462118	1	1	0	2	0	20
12	29462164	29463960	1	1	0	2	0	19
12	29464080	29464815	1	1	0	5	0	37
12	29464884	29469773	1	1	0	2	0	35
12	31226904	31231396	1	1	0	0	1	34
12	31236996	31237516	1	1	0	2	0	31
12	31237604	31237902	1	1	0	0	3	34
12	31240918	31241977	1	1	0	1	0	26
12	31242425	31242819	1	1	0	2	1	33
12	31243029	31244652	1	1	0	2	0	29
12	31246259	31247523	1	1	0	1	1	20
12	31247569	31247688	1	1	0	1	0	26
12	31247757	31249274	1	1	0	1	1	33
12	31249314	31249570	1	1	0	1	0	12
12	31249925	31250818	1	1	0	2	0	37
12	31250932	31253568	1	1	0	1	0	22
12	31253642	31253960	1	1	0	1	1	37
12	31254065	31254766	1	1	0	1	0	20
12	31254917	31255176	1	1	0	2	0	36
12	31255246	31255360	1	1	0	1	0	36
12	31255462	31255869	1	1	0	3	1	36
12	31255955	31256250	1	1	0	1	1	33
12	31256330	31256510	1	1	0	0	1	20
12	32945666	32949042	2	2	0	1	0	17
12	32955491	32974289	2	2	0	2	0	17
12	33021997	33030779	2	2	0	1	0	18
12	33031478	33031853	2	2	0	1	0	29
12	33532897	33535283	2	2	0	1	0	16
12	33535456	33538105	2	2	0	3	0	37
12	33538227	33559723	2	2	0	2	0	25
12	33560292	33579072	2	2	0	3	0	19
12	33579431	33592306	2	2	0	1	0	12
12	48062886	48063889	2	2	0	1	0	16
12	48073378	48073486	2	2	0	1	0	35
12	48073558	48075478	2	2	0	1	0	32
12	48080691	48081658	2	2	0	1	0	16
12	48081785	48082907	2	2	0	1	0	30
12	48082979	48084300	2	2	0	1	1	17
12	48084423	48090058	2	2	0	1	0	24
12	48090187	48091379	2	2	0	3	0	35
12	48096630	48099734	2	2	0	1	0	13
12	48131469	48131804	2	2	0	1	0	29
12	48131877	48131975	2	2	0	1	0	32
12	48132538	48132925	2	2	0	1	0	19
12	48133975	48134087	2	2	0	3	0	26
12	48134179	48134424	2	2	0	2	0	32
12	48134607	48134697	2	2	0	2	0	25
12	48134824	48135287	2	2	0	1	0	15
12	48135386	48137312	2	2	0	1	1	26
12	48137460	48137769	2	2	0	4	0	33
12	48140683	48141326	2	2	0	1	0	29
12	48141410	48141494	2	2	0	1	0	18
12	48141646	48141856	2	6	0	1	1	30
12	48142715	48143172	2	2	0	3	0	37
12	48143320	48143523	2	2	0	1	0	22
12	48143774	48144123	2	2	0	2	0	34
12	48144209	48144830	2	2	0	4	0	23
12	48145000	48145181	2	2	0	1	0	27
12	48145304	48145505	2	2	0	4	0	33
12	48145613	48145698	2	2	0	3	0	28
12	48145753	48151648	2	2	0	2	0	31
12	48177670	48177861	2	2	0	2	0	33
12	48178001	48179169	2	2	0	3	0	24
12	48180487	48181494	2	2	0	2	0	18
12	48181593	48181827	2	2	0	2	0	33
12	48183362	48183595	2	2	0	1	0	34
12	48183704	48185041	2	2	0	1	0	13
12	48185092	48185368	2	2	0	2	0	12
12	48185490	48185653	2	2	0	2	0	30
12	48185788	48187151	2	2	0	2	0	24
12	48187372	48188542	2	2	0	1	0	27
12	48188717	48188966	2	2	0	1	0	30
12	48190082	48190799	2	2	0	2	0	21
12	48190926	48191166	2	2	0	2	0	14
12	48191283	48191890	2	2	0	1	0	23
12	48192436	48192567	2	2	0	1	0	13
12	48192756	48196006	2	2	0	1	0	30
12	48439168	48440138	2	2	0	1	0	22
12	48440846	48441783	2	2	0	2	0	31
12	48441864	48442711	2	2	0	2	0	33
12	48442916	48457492	2	2	0	1	0	32
12	48457625	48458847	2	2	0	2	0	13
12	48459004	48459378	2	2	0	1	0	12
12	48460749	48465449	2	2	0	2	0	25
12	48465505	48468106	2	2	0	1	0	20
12	48468391	48468472	2	2	0	1	0	19
12	48468577	48477373	2	2	0	1	0	24
12	48477546	48482583	2	2	0	2	0	27
12	48490211	48491776	2	2	0	2	0	27
12	48491908	48495251	2	2	0	1	0	17
12	48495300	48499184	2	2	0	2	0	16
12	50344974	50347937	1	1	0	1	0	26
12	50348103	50348412	1	1	0	1	0	27
12	50348494	50349181	1	1	0	1	0	35
12	50452912	50453541	1	1	0	4	0	33
12	50471147	50471782	1	1	0	2	0	21
12	50471911	50472203	1	1	0	1	0	16
12	50472764	50473684	1	1	0	1	0	18
12	50475148	50475327	1	1	0	3	0	36
12	51458453	51461455	2	2	0	2	0	25
12	51470431	51477121	2	2	0	1	0	23
12	53702134	53702218	2	2	0	2	0	18
12	53702313	53702508	2	2	0	1	1	28
12	53702805	53702940	2	2	0	1	0	23
12	53703066	53703384	2	2	0	1	0	26
12	53703506	53708081	2	2	0	2	0	32
12	53708226	53708534	2	2	0	1	0	29
12	53708634	53708877	2	2	0	2	0	32
12	53708925	53709118	2	2	0	1	0	25
12	53709211	53709510	2	2	0	1	0	35
12	53714477	53715126	2	2	0	3	0	35
12	54403505	54404872	1	1	0	3	0	16
12	54635690	54639898	2	2	0	1	0	21
12	54646012	54651297	2	2	0	1	0	35
12	56546416	56547656	1	1	0	2	0	27
12	56547877	56548596	1	1	0	3	0	22
12	56548625	56548838	1	1	0	1	0	25
12	56548983	56549202	1	1	0	1	0	37
12	56549377	56551251	1	1	0	1	0	21
12	56551330	56551481	1	1	0	3	0	30
12	56551520	56551665	1	1	0	2	0	17
12	56733622	56733726	1	1	0	2	0	16
12	56992568	56992651	2	2	0	2	0	29
12	56992796	56992912	2	2	0	1	0	25
12	56993633	56993747	2	2	0	1	0	24
12	56993881	56993984	2	2	0	2	0	37
12	56994275	56994464	2	2	0	1	0	25
12	56994617	56994726	2	2	0	1	0	25
12	56994883	56994963	2	2	0	1	0	28
12	56995187	56995329	2	2	0	1	0	23
12	56996642	56997142	2	2	0	1	0	13
12	56997485	56998000	2	2	0	1	0	18
12	56998584	56998856	2	2	0	2	0	33
12	56999848	57000030	2	2	0	1	0	21
12	57000097	57000416	2	2	0	2	0	36
12	57000518	57003519	2	2	0	1	0	17
12	57003731	57003897	2	2	0	1	0	23
12	57004000	57004192	2	2	0	3	0	35
12	57004302	57005356	2	2	0	2	0	36
12	57006031	57006798	2	2	0	1	0	24
12	57007018	57007736	2	2	0	2	0	36
12	57007923	57008797	2	2	0	2	0	20
12	57008913	57009002	2	2	0	4	0	32
12	57009392	57011178	2	2	0	2	0	37
12	57853985	57857447	1	1	0	1	0	37
12	57857875	57858455	1	1	0	1	0	32
12	57858652	57858893	1	1	0	1	0	16
12	57859039	57859389	1	1	0	3	0	27
12	57859709	57860022	1	1	0	3	0	30
12	57860173	57861115	1	1	0	2	0	22
12	57861281	57861776	1	1	0	2	0	36
12	57862008	57863213	1	1	0	1	0	32
12	57863482	57864099	1	1	0	2	0	20
12	58157039	58157393	2	2	0	2	0	37
12	58157592	58157880	2	2	0	1	0	28
12	58158334	58158536	2	2	0	1	0	27
12	58158710	58158793	2	2	0	1	0	34
12	58158995	58159079	2	2	0	3	0	28
12	58159283	58159789	2	2	0	1	0	34
12	58159981	58160629	2	2	0	1	0	24
12	63061110	63083478	2	2	0	1	0	35
12	63131367	63182005	2	2	0	2	0	36
12	63182119	63195595	2	2	0	1	0	12
12	78362483	78388582	1	1	0	1	0	13
12	78392257	78400198	1	1	0	2	0	30
12	78415643	78443772	1	1	0	2	0	30
12	78443882	78444543	1	1	0	1	0	14
12	78444928	78452775	1	1	0	4	0	29
12	78512078	78513016	1	1	0	2	0	33
12	78513726	78515719	1	1	0	1	0	23
12	78520989	78522485	1	1	0	2	1	36
12	78522647	78530956	1	1	0	2	0	36
12	78531146	78534061	1	1	0	1	0	29
12	78534115	78537173	1	1	0	0	1	18
12	78537198	78542621	1	1	0	1	1	16
12	78553067	78562534	1	1	0	1	0	16
12	78562647	78569085	1	1	0	2	0	16
12	78569208	78570218	1	1	0	1	0	16
12	78570240	78570920	1	1	0	1	1	22
12	78571094	78573308	1	1	0	1	0	14
12	78574826	78579380	1	1	0	1	0	30
12	78579479	78582027	1	1	0	2	0	37
12	78582124	78582388	1	1	0	1	0	14
12	78582558	78583763	1	1	0	1	0	25
12	78584000	78591026	1	1	0	3	0	36
12	78592457	78593114	1	1	0	1	0	19
12	78593312	78594252	1	1	0	1	0	22
12	78594372	78598714	1	1	0	3	0	22
12	81102394	81102620	1	1	0	2	0	32
12	81111344	81112136	1	1	0	1	0	35
12	81112213	81112639	1	1	0	1	0	22
12	88890959	88898935	2	2	0	2	0	24
12	88899013	88900087	2	2	0	1	0	24
12	88900156	88900804	2	2	0	2	0	30
12	88900915	88909310	2	2	0	2	0	37
12	88909395	88910110	2	2	0	1	0	23
12	88910268	88912473	2	2	0	2	0	37
12	88912645	88926217	2	2	0	2	0	30
12	88926281	88939528	2	2	0	2	0	27
12	91540030	91545430	2	2	0	3	0	24
12	91545570	91546872	2	2	0	2	0	29
12	91546967	91550851	2	2	0	1	0	21
12	91550966	91552072	2	2	0	1	0	34
12	91552287	91558381	2	2	0	5	0	32
12	91558495	91572118	2	2	0	1	0	23
12	98987519	98987752	1	1	0	1	0	16
12	98989336	98991633	1	1	0	1	0	13
12	98989627	98991633	1	1	0	1	0	20
12	98991814	98992299	1	1	0	7	0	35
12	98992482	98993732	1	1	0	2	0	26
12	98993906	98994948	1	1	0	4	0	25
12	98995060	98995145	1	1	0	5	0	31
12	100594698	100598717	1	1	0	1	0	35
12	100598836	100599453	1	1	0	1	0	28
12	100599523	100601440	1	1	0	4	0	37
12	100601565	100603850	1	1	0	1	0	24
12	100603987	100604072	1	1	0	3	0	31
12	100606133	100606227	1	1	0	3	0	29
12	100606307	100612192	1	1	0	3	0	34
12	100612365	100613785	1	1	0	2	0	21
12	100613925	100617563	1	1	0	2	0	30
12	100904922	100926235	1	1	0	1	0	26
12	100926377	100928667	1	1	0	2	0	37
12	100928802	100930289	1	1	0	2	0	16
12	100930389	100930725	1	1	0	1	0	15
12	100930826	100934449	1	1	0	2	0	33
12	100934597	100955662	1	1	0	3	0	30
12	100955777	100957028	1	1	0	1	0	33
12	106751730	106757647	1	1	0	3	0	33
12	106760351	106760435	1	1	0	1	0	32
12	106760501	106763052	1	1	0	1	0	22
12	106763129	106763360	1	1	0	1	0	14
12	106763462	106770136	1	1	0	2	0	34
12	106770229	106772044	1	1	0	1	0	18
12	106773918	106786808	1	1	0	2	0	30
12	106786932	106799634	1	1	0	1	0	29
12	106799755	106804603	1	1	0	1	0	12
12	106804739	106820974	1	1	0	3	0	32
12	106821137	106824050	1	1	0	1	0	34
12	106826259	106827496	1	1	0	1	0	22
12	106827651	106830834	1	1	0	2	0	20
12	106830910	106831458	1	1	0	1	0	18
12	106838369	106848279	1	1	0	1	0	14
12	106848490	106850915	1	1	0	2	0	33
12	106889937	106890529	1	1	0	2	0	26
12	106890697	106895100	1	1	0	1	0	29
12	106895215	106897858	1	1	0	2	0	33
12	107385780	107386564	2	2	0	2	0	21
12	107386669	107386742	2	2	0	1	0	16
12	107391165	107391265	2	2	0	1	0	33
12	107391469	107391692	2	2	0	1	0	20
12	107391845	107393328	2	2	0	2	0	36
12	107393861	107395057	2	2	0	3	0	22
12	107395147	107395541	2	2	0	2	0	28
12	107395727	107398883	2	2	0	1	0	22
12	107399027	107415861	2	2	0	2	0	16
12	108133329	108134722	2	2	0	1	0	12
12	108135038	108135997	2	2	0	1	0	32
12	108138439	108140051	2	2	0	1	0	35
12	108145987	108147700	2	2	0	1	0	32
12	108917412	108918092	2	2	0	1	0	25
12	108918284	108919233	2	2	0	1	0	16
12	108919387	108919875	2	2	0	2	0	25
12	108920331	108923918	2	2	0	1	0	36
12	108924088	108924980	2	2	0	1	0	15
12	108926111	108929134	2	2	0	4	0	34
12	108929245	108930289	2	2	0	1	0	32
12	108930562	108931263	2	2	0	2	0	26
12	108931372	108931840	2	2	0	2	0	32
12	108931980	108932709	2	2	0	2	0	26
12	108932866	108936803	2	2	0	3	0	25
12	108936929	108938202	2	2	0	1	0	28
12	108938255	108938914	2	2	0	1	0	14
12	108941768	108942863	2	2	0	1	0	30
12	108942991	108954618	2	2	0	1	0	37
12	109018089	109025634	2	2	0	1	0	36
12	109278977	109281225	1	1	0	2	0	16
12	109281341	109283244	1	1	0	1	0	35
12	109284050	109286757	1	1	0	2	0	33
12	109288144	109290781	1	1	0	1	0	36
12	109290865	109292454	1	1	0	2	0	32
12	109292573	109293152	1	1	0	1	0	26
12	109293252	109294179	1	1	0	1	0	19
12	109889619	109893922	2	2	0	1	0	27
12	109894119	109895434	2	2	0	2	0	32
12	109895884	109898440	2	2	0	4	0	29
12	109907534	109915064	2	2	0	3	0	30
12	110012706	110013802	1	1	0	1	0	13
12	110017752	110019199	1	1	0	1	0	33
12	110019356	110023826	1	1	0	2	0	32
12	110023931	110024558	1	1	0	1	0	35
12	110024605	110028575	1	1	0	1	0	37
12	110029163	110032832	1	1	0	2	0	26
12	110032987	110034230	1	1	0	1	0	14
12	112843842	112844097	2	2	0	1	0	24
12	112844695	112846043	2	2	0	0	1	36
12	113345025	113346340	1	1	0	3	0	32
12	113346630	113348855	1	1	0	0	2	33
12	113349041	113354313	1	1	0	2	0	31
12	113354544	113355351	1	1	0	0	2	14
12	113354544	113385750	1	1	0	0	2	14
12	113355506	113357193	1	1	0	1	0	20
12	113737780	113742125	2	2	0	4	0	36
12	113744381	113745495	2	2	0	2	0	32
12	113745650	113748038	2	2	0	2	0	37
12	113748161	113753139	2	2	0	1	0	23
12	113753282	113754330	2	2	0	2	0	30
12	113754462	113754746	2	2	0	2	0	36
12	113754807	113756768	2	2	0	2	0	35
12	113756877	113758135	2	2	0	2	0	24
12	113758304	113758385	2	2	0	3	0	34
12	113758914	113759000	2	2	0	1	0	19
12	113759154	113770527	2	2	0	1	0	17
12	120634738	120635124	2	2	0	3	0	27
12	120636543	120636656	2	2	0	5	0	31
12	120636804	120636920	2	2	0	3	0	22
12	120638695	120638885	2	2	0	2	0	20
12	120651794	120651938	2	2	0	2	0	28
12	120652021	120652627	2	2	0	4	0	25
12	120652802	120652905	2	2	0	1	0	15
12	120653077	120653362	2	2	0	5	0	36
12	120653465	120659425	2	2	0	5	0	34
12	120659562	120660351	2	2	0	2	0	31
12	120660803	120661520	2	2	0	1	0	28
12	120661637	120661953	2	2	0	1	0	13
12	120740182	120741363	1	1	0	1	0	21
12	120741862	120750258	1	1	0	3	0	27
12	121132073	121132626	1	1	0	1	0	27
12	133349881	133350742	2	2	0	2	0	27
12	133350907	133351726	2	2	0	2	0	12
12	133353343	133353543	2	2	0	1	0	23
12	133353677	133354251	2	2	0	2	0	24
12	133357501	133358881	2	2	0	1	0	31
12	133359080	133360749	2	2	0	2	0	33
12	133363142	133363278	2	2	0	1	1	14
12	133363374	133365612	2	2	0	3	0	34
12	133367880	133372437	2	2	0	1	0	32
12	133372807	133373124	2	2	0	2	0	24
12	133373287	133374925	2	2	0	2	0	26
12	133375064	133378352	2	2	0	3	0	27
12	133381609	133383762	2	2	0	3	0	33
12	133383875	133384476	2	2	0	1	0	20
12	133385136	133389892	2	2	0	2	0	31
12	133398898	133404912	2	2	0	2	0	19
12	133758214	133758531	1	1	0	2	0	14
12	133758617	133764457	1	1	0	1	0	16
12	133768202	133768493	1	1	0	1	0	16
12	133768590	133778729	1	1	0	2	0	17
17	2297641	2298168	2	2	0	3	0	24
17	3470282	3474817	2	2	0	3	0	35
17	3475544	3476926	2	2	0	1	0	30
17	3481058	3483750	2	2	0	1	0	24
17	3483822	3486631	2	2	0	1	0	31
17	3489221	3491481	2	2	0	2	0	33
17	3493400	3493545	2	2	0	1	0	21
17	3494648	3495360	2	2	0	1	0	34
17	3514267	3518630	2	2	0	2	0	35
17	3518832	3524530	2	2	0	1	0	27
17	3524707	3526632	2	2	0	1	0	12
17	3526786	3527341	2	2	0	2	0	31
17	3527526	3533498	2	2	0	2	0	31
17	3533641	3539345	2	2	0	1	0	14
17	3543562	3550737	1	1	0	1	0	15
17	3552226	3558291	1	1	0	1	0	34
17	3558647	3559780	1	1	0	1	0	29
17	3559881	3559969	1	1	0	2	0	14
17	3560090	3561298	1	1	0	3	0	15
17	3563270	3563529	1	1	0	1	0	18
17	3567180	3567488	2	2	0	1	0	20
17	3567567	3567972	2	2	0	2	0	37
17	3568093	3571781	2	2	0	2	0	34
17	3583079	3585189	2	2	0	2	0	21
17	3592054	3592785	2	2	0	2	0	36
17	3592925	3593363	2	2	0	2	0	28
17	3593445	3593720	2	2	0	1	0	35
17	3593818	3593898	2	2	0	2	0	36
17	3593975	3594249	2	2	0	2	0	25
17	3594322	3594937	2	2	0	1	0	21
17	3595089	3599162	2	2	0	1	0	36
17	3716574	3717615	2	2	0	3	0	31
17	3717778	3719409	2	2	0	4	0	33
17	3719565	3721556	2	2	0	2	0	29
17	3721867	3724542	2	2	0	1	0	27
17	3725347	3727353	2	2	0	1	0	17
17	3727387	3728235	2	2	0	2	0	25
17	3729510	3732536	2	2	0	1	0	29
17	3732663	3743393	2	2	0	1	0	35
17	3769306	3772780	2	2	0	1	0	37
17	3775922	3776702	2	2	0	2	0	30
17	3784943	3785550	2	2	0	3	0	23
17	3785665	3785821	2	2	0	2	0	34
17	3786775	3787177	2	2	0	3	0	34
17	3787232	3787673	2	2	0	1	0	23
17	3787722	3788621	2	2	0	4	0	32
17	3789025	3796232	2	2	0	2	0	35
17	3801405	3801777	2	2	0	2	0	37
17	3801844	3802227	2	2	0	1	0	21
17	3802319	3802927	2	2	0	2	0	14
17	3803056	3806495	2	2	0	1	0	17
17	3806638	3806844	2	2	0	3	0	36
17	3807319	3807623	2	2	0	1	0	15
17	3807694	3808151	2	2	0	3	0	37
17	3808224	3808513	2	2	0	1	0	12
17	4841192	4841317	2	2	0	2	0	22
17	4841370	4841448	2	2	0	2	0	37
17	4841549	4841633	2	2	0	1	0	34
17	4841725	4841806	2	2	0	2	0	29
17	4841898	4842063	2	2	0	3	0	35
17	4842271	4842354	2	2	0	2	0	28
17	4842508	4843110	2	2	0	1	0	28
17	4849293	4849922	2	2	0	1	0	16
17	4862939	4863054	2	2	0	1	0	17
17	4863407	4863528	2	2	0	2	0	17
17	4863843	4864080	2	2	0	2	0	21
17	4864149	4871014	2	2	0	2	0	33
17	5290431	5290705	2	2	0	2	0	32
17	5290991	5291098	2	2	0	1	0	32
17	5291273	5292121	2	2	0	2	0	34
17	5292281	5294880	2	2	0	3	0	33
17	5294983	5298210	2	2	0	1	0	23
17	5298302	5302871	2	2	0	2	0	27
17	5302971	5307418	2	2	0	2	0	31
17	5308564	5312052	2	2	0	1	0	34
17	5312230	5314022	2	2	0	2	0	33
17	5314110	5317328	2	2	0	2	0	35
17	5320003	5322673	2	2	0	1	0	37
17	5336485	5336612	2	2	0	1	0	30
17	5336736	5336988	2	2	0	3	0	27
17	5337088	5338192	2	2	0	1	0	27
17	5338287	5341442	2	2	0	2	0	32
17	5341594	5342161	2	2	0	2	0	37
17	5347834	5352128	2	2	0	1	0	33
17	5352216	5353522	2	2	0	3	0	36
17	5353727	5354126	2	2	0	1	0	14
17	5354255	5356899	2	2	0	2	0	23
17	5356989	5357140	2	2	0	2	0	31
17	5357301	5358479	2	2	0	1	0	30
17	5358592	5359316	2	2	0	1	0	27
17	5359503	5364258	2	2	0	1	0	31
17	5365867	5366848	2	2	0	2	0	33
17	5378110	5383373	2	2	0	1	0	18
17	5383465	5383706	2	2	0	1	0	31
17	6547980	6553301	2	2	0	2	0	29
17	6553399	6553675	2	2	0	2	0	26
17	7129959	7130408	2	2	0	3	0	32
17	7131103	7131295	2	2	0	3	0	33
17	7131364	7132287	2	2	0	1	0	15
17	7132365	7132453	2	2	0	3	0	37
17	7132594	7132696	2	2	0	2	0	22
17	7132767	7132906	2	2	0	2	0	33
17	7132998	7133126	2	2	0	1	0	31
17	7133263	7133364	2	2	0	5	0	33
17	7133475	7133603	2	2	0	1	0	32
17	7133750	7134046	2	2	0	2	0	25
17	7192158	7192848	2	2	0	2	0	25
17	7193045	7193286	2	2	0	2	0	33
17	7193391	7193569	2	2	0	2	0	22
17	7193855	7194411	2	2	0	1	0	35
17	7194502	7195344	2	2	0	1	0	31
17	7195379	7196793	2	2	0	2	0	34
17	7196858	7197548	2	2	0	3	0	27
17	7240689	7245266	1	1	0	2	0	18
17	7245648	7245734	1	1	0	1	0	27
17	7245794	7246697	1	1	0	1	0	27
17	7246882	7247024	1	1	0	2	0	33
17	7247276	7247367	1	1	0	1	0	22
17	7247443	7247857	1	1	0	2	0	33
17	7247968	7249562	1	1	0	2	0	35
17	7249615	7249709	1	1	0	2	0	37
17	7250251	7250349	1	1	0	1	0	24
17	7250562	7251240	1	1	0	2	0	26
17	7251541	7251624	1	1	0	1	0	22
17	7251795	7252313	1	1	0	1	0	20
17	7253557	7254268	1	1	0	1	0	24
17	7254319	7254613	1	1	0	1	0	18
17	7611569	7611752	1	1	0	3	0	33
17	7611846	7611952	1	1	0	1	0	30
17	7612058	7612484	1	1	0	1	0	36
17	7623219	7626945	1	1	0	1	0	28
17	7627008	7630439	1	1	0	1	0	32
17	7630611	7636404	1	1	0	1	0	16
17	7636634	7637500	1	1	0	1	0	34
17	7637612	7637787	1	1	0	2	0	30
17	7640577	7641280	1	1	0	4	0	37
17	7642333	7643050	1	1	0	2	0	34
17	7643257	7643737	1	1	0	1	0	35
17	7644311	7646245	1	1	0	1	0	15
17	8192184	8192273	1	1	0	1	0	20
17	8192391	8192575	1	1	0	1	0	15
17	8192733	8192820	1	1	0	3	0	33
17	8192907	8193130	1	1	0	1	0	13
17	8926709	9066129	1	1	0	5	0	33
17	9083274	9086232	1	1	0	3	0	35
17	9086287	9124484	1	1	0	2	0	15
17	10247427	10248518	2	2	0	0	1	36
17	10247427	10412801	2	2	0	0	3	37
17	10397991	10398247	2	2	0	0	1	13
17	10397991	10426812	2	2	0	0	1	13
17	10398419	10398508	2	2	0	1	1	36
17	10399471	10399557	2	2	0	1	0	33
17	10399867	10400385	2	2	0	1	0	36
17	10400511	10400603	2	2	0	0	1	22
17	10400770	10401050	2	2	0	1	0	18
17	10401235	10401942	2	2	0	1	1	25
17	10401235	10429915	2	2	0	0	1	18
17	10402140	10402290	2	2	0	2	0	24
17	10404070	10404426	2	2	0	1	0	23
17	10405229	10406054	2	2	0	0	2	14
17	10405229	10432880	2	2	0	0	2	14
17	10406566	10408126	2	2	0	3	0	20
17	10408617	10408704	2	2	0	4	0	22
17	10408829	10409128	2	2	0	1	0	33
17	10411274	10411679	2	2	0	3	0	30
17	10411990	10412801	2	2	0	0	3	37
17	10412973	10415155	2	2	0	1	0	27
17	10415306	10415390	2	2	0	2	0	31
17	10415510	10415724	2	2	0	1	1	35
17	10415864	10415997	2	2	0	0	1	29
17	10416102	10416183	2	2	0	2	1	37
17	10417231	10417326	2	2	0	1	1	18
17	10417442	10418184	2	2	0	0	1	28
17	10418213	10419242	2	2	0	0	1	18
17	10418213	10448662	2	2	0	0	1	18
17	10419660	10419755	2	2	0	0	1	24
17	10533052	10533158	2	2	0	1	0	16
17	10533514	10533604	2	2	0	2	0	36
17	10533776	10534927	2	2	0	1	0	13
17	10535054	10535129	2	2	0	3	0	34
17	10535334	10535792	2	2	0	1	0	28
17	10536102	10536907	2	2	0	1	0	32
17	10538881	10539051	2	2	0	1	0	29
17	10539171	10541125	2	2	0	1	0	32
17	10541253	10541359	2	2	0	2	0	20
17	10541750	10542189	2	2	0	1	0	22
17	10542507	10542614	2	2	0	2	0	29
17	10542792	10542876	2	2	0	1	0	25
17	10543120	10543312	2	2	0	1	0	31
17	10543787	10543879	2	2	0	1	0	24
17	10544004	10544401	2	2	0	1	0	19
17	10544520	10544601	2	2	0	1	0	15
17	10545628	10545733	2	2	0	3	0	27
17	10546041	10546142	2	2	0	1	1	15
17	10546314	10547667	2	2	0	3	0	37
17	10548020	10549023	2	2	0	2	1	36
17	10549350	10550498	2	2	0	1	0	15
17	10550598	10550679	2	2	0	1	0	16
17	10550744	10551873	2	2	0	2	0	29
17	10551967	10552893	2	2	0	2	0	32
17	10553003	10553690	2	2	0	1	0	28
17	10553719	10554828	2	2	0	2	1	26
17	10554986	10555736	2	2	0	1	0	19
17	15406547	15449098	2	2	0	1	0	16
17	15449231	15450372	2	2	0	1	0	13
17	16203293	16216860	1	1	0	2	0	25
17	16216929	16219994	1	1	0	1	0	20
17	16220027	16221088	1	1	0	3	0	34
17	16221223	16229113	1	1	0	1	0	12
17	17398999	17399209	2	2	0	1	0	18
17	17991402	17997126	1	1	0	1	0	18
17	18003038	18003676	1	1	0	3	0	37
17	18003974	18004806	1	1	0	1	0	22
17	18004905	18005234	1	1	0	1	0	12
17	18005312	18007114	1	1	0	1	0	18
17	18007204	18007936	1	1	0	3	0	29
17	18007996	18009746	1	1	0	2	0	23
17	18009801	18010467	1	1	0	1	0	30
17	18025724	18027796	1	1	0	1	0	36
17	18028546	18029660	1	1	0	1	0	30
17	18029771	18030104	1	1	0	2	0	31
17	18030180	18030388	1	1	0	2	0	34
17	18034846	18035766	1	1	0	3	0	36
17	18035881	18036538	1	1	0	2	0	16
17	18039139	18039730	1	1	0	1	0	31
17	18039790	18039876	1	1	0	1	0	16
17	18040994	18041428	1	1	0	2	0	22
17	18041561	18042124	1	1	0	2	0	34
17	18042926	18043830	1	1	0	1	0	12
17	18043980	18044100	1	1	0	1	0	28
17	18044147	18044332	1	1	0	1	0	28
17	18046155	18046879	1	1	0	1	0	15
17	18047111	18047183	1	1	0	1	0	37
17	18049422	18051342	1	1	0	1	0	21
17	18051883	18052074	1	1	0	1	0	28
17	18052691	18052799	1	1	0	1	0	18
17	18052895	18053742	1	1	0	1	0	17
17	18054228	18054423	1	1	0	2	0	32
17	18054605	18054708	1	1	0	3	0	36
17	18055266	18055425	1	1	0	1	0	33
17	18055499	18057088	1	1	0	1	0	26
17	18057505	18057993	1	1	0	2	0	37
17	18058540	18058627	1	1	0	1	0	26
17	18058747	18059508	1	1	0	2	0	21
17	18059651	18060267	1	1	0	1	0	33
17	18060380	18060469	1	1	0	2	0	19
17	18060545	18061035	1	1	0	3	0	30
17	18061215	18061836	1	1	0	5	0	37
17	18061953	18062238	1	1	0	1	0	27
17	18062312	18062588	1	1	0	2	0	29
17	18062994	18063248	1	1	0	1	0	16
17	18063332	18064630	1	1	0	3	0	34
17	18064762	18065898	1	1	0	3	0	35
17	18065994	18066557	1	1	0	5	0	36
17	18067153	18069674	1	1	0	3	0	37
17	18069836	18070903	1	1	0	3	0	32
17	18075086	18075470	1	1	0	1	0	26
17	19552438	19554859	1	1	0	3	0	21
17	19555092	19555859	1	1	0	3	0	30
17	19555946	19559678	1	1	0	1	0	16
17	19561176	19564439	1	1	0	1	0	15
17	19566813	19568260	1	1	0	1	0	26
17	19568361	19575033	1	1	0	3	0	29
17	19643791	19644405	2	2	0	1	0	13
17	19645526	19645857	2	2	0	1	0	12
17	19645944	19646544	2	2	0	5	0	35
17	19648448	19651571	2	2	0	1	0	29
17	19809546	19812493	2	2	0	2	0	35
17	19812590	19813238	2	2	0	2	0	28
17	19813292	19823348	2	2	0	1	0	15
17	19827831	19835117	2	2	0	2	0	27
17	19839744	19843025	2	2	0	2	0	22
17	19843163	19844199	2	2	0	3	0	36
17	19844324	19845138	2	2	0	1	0	35
17	19845224	19850719	2	2	0	2	0	28
17	19850819	19861326	2	2	0	1	0	25
17	19861885	19866152	2	2	0	1	0	33
17	19866336	19871726	2	2	0	1	0	35
17	26652674	26653559	1	1	0	1	0	33
17	26666753	26667334	1	1	0	1	0	23
17	26667505	26668262	1	1	0	1	0	35
17	26668353	26668429	1	1	0	3	0	32
17	26668483	26669272	1	1	0	4	0	32
17	26669469	26671389	1	1	0	1	0	24
17	26676189	26677463	2	2	0	4	0	26
17	26677590	26677791	2	2	0	2	0	28
17	26677819	26678689	2	2	0	2	0	27
17	26680046	26680266	2	2	0	1	0	18
17	26680343	26680720	2	2	0	2	0	36
17	26682903	26684313	2	2	0	1	0	37
17	26695081	26695541	2	2	0	1	0	13
17	26695695	26695892	2	2	0	2	0	35
17	26696450	26696527	2	2	0	4	0	36
17	26696873	26696947	2	2	0	2	0	37
17	26712295	26715192	1	1	0	2	0	25
17	26715559	26722923	1	1	0	4	0	34
17	26851111	26851520	1	1	0	1	0	16
17	26851986	26854268	1	1	0	1	0	15
17	26856243	26857766	1	1	0	1	0	23
17	26857864	26861348	1	1	0	1	0	32
17	26900640	26900752	2	2	0	1	0	37
17	26900953	26901084	2	2	0	1	0	29
17	26901596	26901713	2	2	0	3	0	26
17	26901875	26901969	2	2	0	1	0	13
17	26902353	26902438	2	2	0	3	0	33
17	26902563	26903818	2	2	0	1	0	21
17	27576225	27577199	1	1	0	3	0	26
17	27580801	27581219	1	1	0	1	0	35
17	27591610	27594515	2	2	0	1	0	22
17	27594549	27613009	2	2	0	1	0	20
17	27614735	27620800	2	2	0	1	0	33
17	27902161	27902305	2	2	0	3	0	23
17	27902489	27902647	2	2	0	1	0	16
17	27902722	27902829	2	2	0	1	0	30
17	27903150	27903237	2	2	0	3	0	25
17	27903469	27903539	2	2	0	2	0	30
17	27903693	27903880	2	2	0	3	0	37
17	27904266	27904662	2	2	0	2	0	37
17	27904761	27905316	2	2	0	1	0	32
17	27905390	27905748	2	2	0	4	0	28
17	27905798	27908355	2	2	0	3	0	37
17	27908399	27908759	2	2	0	3	0	29
17	27909163	27909715	2	2	0	2	0	37
17	27909822	27909942	2	2	0	1	0	18
17	28706745	28712006	1	1	0	1	0	22
17	28712255	28747858	1	1	0	2	0	31
17	28748002	28748681	1	1	0	1	0	26
17	28748852	28749691	1	1	0	2	0	36
17	28750042	28750523	1	1	0	3	0	30
17	28754577	28758789	1	1	0	2	0	20
17	28766096	28769325	1	1	0	1	0	36
17	28769469	28770819	1	1	0	2	0	17
17	28776767	28778728	1	1	0	1	0	13
17	28782489	28783273	1	1	0	1	0	20
17	28783370	28783479	1	1	0	2	0	32
17	28783545	28788197	1	1	0	1	0	25
17	28788330	28788894	1	1	0	2	0	27
17	28789081	28789387	1	1	0	5	0	33
17	28789488	28791605	1	1	0	2	0	30
17	28811320	28811680	1	1	0	1	0	30
17	28811789	28817143	1	1	0	1	0	35
17	28817236	28819696	1	1	0	3	0	29
17	28819772	28837897	1	1	0	1	0	27
17	28837928	28846956	1	1	0	1	0	18
17	28847040	28849271	1	1	0	2	0	32
17	30658998	30660435	2	2	0	1	0	18
17	30660540	30661487	2	2	0	2	0	24
17	30661625	30661793	2	2	0	2	0	33
17	30661859	30662341	2	2	0	1	0	27
17	30662462	30664915	2	2	0	1	0	15
17	30665371	30666831	2	2	0	1	0	16
17	30666958	30668222	2	2	0	2	0	33
17	31341085	31342988	2	2	0	1	0	25
17	31344703	31348236	2	2	0	1	0	36
17	31353001	31355259	2	2	0	2	0	33
17	31416009	31438934	2	2	0	1	0	12
17	32583359	32583740	1	1	0	5	0	27
17	32597386	32598164	1	1	0	1	0	27
17	32683622	32684493	1	1	0	2	0	36
17	32684609	32685044	1	1	0	3	0	31
17	33454437	33456440	1	1	0	2	0	31
17	33456678	33457300	1	1	0	2	0	17
17	33903201	33904056	2	2	0	1	0	28
17	33904611	33904914	2	2	0	1	0	30
17	34391770	34397806	1	1	0	1	0	22
17	34416644	34417331	2	2	0	4	0	35
17	34842630	34842778	1	1	0	2	0	17
17	34848744	34849769	1	1	0	2	0	34
17	35307706	35310185	1	1	0	1	0	30
17	35310597	35311069	1	1	0	2	0	33
17	35311208	35343915	1	1	0	3	0	31
17	35344031	35345817	1	1	0	2	0	34
17	35346020	35346545	1	3	0	2	0	17
17	35348157	35376303	1	1	0	2	0	18
17	35378314	35388910	1	1	0	1	0	29
17	35771478	35783608	1	1	0	1	0	23
17	35783716	35787048	1	1	0	3	0	30
17	35797931	35800605	1	1	0	3	0	33
17	35802754	35804797	1	1	0	2	0	32
17	35818690	35822181	1	1	0	1	0	28
17	35822226	35825534	1	1	0	2	0	25
17	35825646	35827557	1	1	0	3	0	31
17	35830637	35831197	1	1	0	1	0	20
17	35831242	35834660	1	1	0	1	0	25
17	35834735	35836901	1	1	0	1	0	24
17	36047396	36059081	2	2	0	2	0	36
17	36061183	36064923	2	2	0	1	0	12
17	36065057	36070510	2	2	0	2	0	33
17	36091822	36093549	2	2	0	1	0	31
17	36093815	36099430	2	2	0	4	0	36
17	36909083	36909402	1	1	0	4	0	30
17	36918759	36920371	1	1	0	2	0	34
17	36958460	36958952	2	2	0	1	0	21
17	36962649	36963017	2	2	0	1	0	31
17	36963230	36965954	2	2	0	1	0	14
17	36966019	36966720	2	2	0	2	0	27
17	36966849	36969047	2	2	0	3	0	26
17	36977327	36981418	2	2	0	2	0	30
17	37356603	37357465	1	1	0	2	0	20
17	37357573	37358569	1	1	0	2	0	35
17	37358693	37359241	1	1	0	1	0	22
17	37359363	37360329	1	1	0	1	0	12
17	37360441	37360777	1	1	0	2	0	35
17	38171768	38171943	1	1	0	2	0	21
17	38172108	38172485	1	1	0	2	0	29
17	38172594	38172737	1	1	0	2	0	17
17	38172885	38173047	1	1	0	1	0	32
17	38444343	38445659	1	1	0	1	0	36
17	38445851	38447309	1	1	0	3	0	34
17	38447592	38447720	1	1	0	2	0	31
17	38449884	38450201	1	1	0	2	0	19
17	38450756	38451607	1	1	0	1	0	36
17	38451709	38452954	1	1	0	4	0	37
17	38457861	38458163	1	1	0	1	0	14
17	39032711	39033631	2	2	0	2	0	29
17	39033670	39034396	2	2	0	2	0	13
17	39034618	39036064	2	2	0	3	0	28
17	39036191	39036351	2	2	0	3	0	37
17	39036514	39036865	2	2	0	1	0	27
17	39037023	39038823	2	2	0	1	0	23
17	39038907	39041047	2	2	0	1	0	23
17	39079336	39080723	2	2	0	1	0	13
17	39081827	39084489	2	2	0	1	0	33
17	39084613	39084697	2	2	0	1	0	15
17	39084860	39086191	2	2	0	2	0	37
17	39086349	39087624	2	2	0	1	0	24
17	39087708	39092459	2	2	0	1	0	20
17	39502489	39502699	2	2	0	2	0	34
17	39503222	39503312	2	2	0	3	0	28
17	39503475	39504734	2	2	0	2	0	22
17	39504892	39505597	2	2	0	1	1	24
17	39505681	39506671	2	2	0	1	0	13
17	39577239	39577618	2	2	0	1	0	28
17	39577840	39578320	2	2	0	0	1	35
17	39578447	39578524	2	2	0	1	0	32
17	39578687	39579029	2	2	0	0	1	23
17	39578687	39595454	2	2	0	0	1	23
17	39579187	39580013	2	2	0	1	1	33
17	39580097	39580283	2	2	0	2	0	30
17	39595111	39595454	2	2	0	0	1	23
17	39616492	39619081	2	2	0	3	0	34
17	39619303	39620329	2	2	0	2	0	20
17	39620456	39620533	2	2	0	2	0	25
17	39622182	39622345	2	2	0	1	0	13
17	39622429	39623109	2	2	0	4	0	31
17	39738785	39739345	2	2	0	0	1	12
17	39739929	39740011	2	2	0	3	1	33
17	39741310	39742561	2	2	0	3	1	34
17	39741310	39768409	2	2	0	0	1	12
17	40265861	40266017	2	2	0	2	0	24
17	40266413	40266507	2	2	0	2	0	25
17	40267054	40267740	2	2	0	2	0	37
17	40267852	40269052	2	2	0	1	0	26
17	40269615	40269695	2	2	0	1	0	34
17	40270036	40270314	2	2	0	3	0	25
17	40270422	40271262	2	2	0	1	0	28
17	40271737	40272047	2	2	0	1	0	31
17	40688674	40689415	1	1	0	2	0	33
17	40689564	40690356	1	1	0	1	0	25
17	40690504	40690687	1	1	0	1	0	32
17	40690774	40692967	1	1	0	2	0	30
17	40693225	40695045	1	1	0	2	0	27
17	40699718	40706419	1	1	0	0	2	23
17	40705049	40705141	1	1	0	3	0	30
17	40705637	40705811	1	1	0	2	0	37
17	40705906	40706419	1	1	0	2	2	37
17	40706601	40706686	1	1	0	2	0	25
17	41847183	41852079	2	2	0	2	0	37
17	41852307	41856167	2	2	0	2	0	23
17	42090524	42091724	2	2	0	1	0	29
17	42157594	42157768	2	2	0	2	0	19
17	42160041	42160132	2	2	0	2	0	17
17	42160189	42160912	2	2	0	1	0	32
17	42161021	42161172	2	2	0	1	0	26
17	42162044	42162389	2	2	0	2	0	27
17	42164106	42164779	2	2	0	2	0	35
17	42165967	42168637	2	2	0	3	0	29
17	42168861	42169067	2	2	0	3	0	18
17	42169896	42170043	2	2	0	2	0	15
17	42170175	42170459	2	2	0	4	0	36
17	42170575	42170681	2	2	0	3	0	37
17	42171203	42188096	2	2	0	3	0	28
17	42390064	42390471	1	1	0	1	0	37
17	42390621	42390785	1	1	0	2	0	26
17	42392193	42392296	1	1	0	1	0	22
17	42392378	42392522	1	1	0	2	0	37
17	42392689	42392819	1	1	0	2	0	33
17	42392978	42393752	1	1	0	1	0	12
17	42393891	42393986	1	1	0	2	0	37
17	42397805	42397989	2	2	0	3	0	21
17	42398600	42398801	2	2	0	2	0	20
17	42398927	42399067	2	2	0	2	0	35
17	42399136	42399786	2	2	0	1	0	23
17	42399897	42400175	2	2	0	3	0	32
17	42400946	42402078	2	2	0	1	0	36
17	42426920	42427034	1	1	0	2	0	35
17	42427120	42427595	1	1	0	1	0	18
17	42427709	42427809	1	1	0	4	0	35
17	42427946	42428058	1	1	0	1	0	16
17	42428532	42428730	1	1	0	2	0	36
17	42428829	42428917	1	1	0	1	0	20
17	42429617	42429708	1	1	0	3	0	28
17	42837266	42847085	1	1	0	1	0	17
17	42847163	42847349	1	1	0	2	0	15
17	42849200	42849634	1	1	0	2	0	27
17	42849702	42849766	1	1	0	1	0	35
17	42850454	42850628	1	1	0	1	0	27
17	42851748	42851859	1	1	0	1	0	19
17	42852118	42852579	1	1	0	1	0	18
17	42852680	42852761	1	1	0	3	0	30
17	42852834	42852951	1	1	0	1	0	28
17	42853576	42854112	1	1	0	1	0	32
17	42854331	42854533	1	1	0	2	0	33
17	42854634	42854849	1	1	0	1	0	36
17	42854970	42855062	1	1	0	2	0	14
17	42855232	42855319	1	1	0	1	0	12
17	42855611	42856589	1	1	0	3	0	20
17	42856608	42857106	1	1	0	3	0	18
17	44486500	44497163	1	1	0	0	1	27
17	44497331	44499842	1	1	0	0	1	16
17	44499951	44500431	1	1	0	0	1	37
17	44503049	44534072	1	1	0	0	1	24
17	44534273	44552565	1	1	0	0	2	27
17	44553585	44554137	1	1	0	0	5	31
17	44553585	44771840	1	1	0	0	5	31
17	44704079	44714741	1	1	0	0	1	27
17	44714909	44717419	1	1	0	0	1	16
17	44717528	44718008	1	1	0	0	1	37
17	44720626	44751779	1	1	0	0	1	24
17	44751980	44770268	1	1	0	0	2	27
17	44771288	44771840	1	1	0	0	5	31
17	44782221	44788328	1	1	0	1	1	31
17	44788486	44791218	1	1	0	2	1	22
17	44791353	44803914	1	1	0	0	1	24
17	44803982	44806220	1	1	0	1	0	17
17	44806301	44827138	1	1	0	2	0	30
17	44827274	44828868	1	1	0	2	0	19
17	44828983	44832679	1	1	0	1	0	34
17	44832740	44833167	1	1	0	1	0	21
17	44841988	44845677	2	2	0	1	0	12
17	44846166	44847148	2	2	0	1	0	32
17	45000588	45006885	1	1	0	1	0	28
17	45008574	45009432	1	1	0	1	0	22
17	45009566	45012394	1	1	0	4	0	34
17	45012536	45015964	1	1	0	1	0	21
17	45016071	45017920	1	1	0	2	0	35
17	45198384	45199809	2	2	0	2	0	24
17	45201327	45206758	2	2	0	2	0	21
17	45206888	45209622	2	2	0	3	0	31
17	45209741	45214517	2	2	0	1	0	32
17	45214727	45216104	2	2	0	1	0	28
17	45219803	45221248	2	2	0	1	0	31
17	45221349	45229171	2	2	0	1	0	12
17	45229285	45232037	2	2	0	1	0	34
17	45232153	45234278	2	2	0	2	0	35
17	45234751	45235571	2	2	0	2	0	19
17	45247409	45249282	2	2	0	1	0	29
17	45811312	45819975	1	1	0	2	0	34
17	45820131	45820436	1	1	0	1	0	20
17	45820559	45821560	1	1	0	2	0	37
17	45821720	45821847	1	1	0	3	0	26
17	45821910	45822113	1	1	0	2	0	20
17	45885766	45885903	2	2	0	2	0	37
17	45886357	45886441	2	2	0	3	0	32
17	45886587	45886699	2	2	0	1	0	13
17	45888039	45888137	2	2	0	2	0	29
17	45888202	45890631	2	2	0	2	0	35
17	45890770	45890952	2	2	0	1	0	32
17	45891201	45891886	2	2	0	1	0	33
17	45891981	45892580	2	2	0	2	0	19
17	45892719	45893472	2	2	0	2	0	21
17	45893569	45893753	2	2	0	2	0	34
17	45893849	45893928	2	2	0	2	0	20
17	45894062	45894145	2	2	0	2	0	25
17	45894239	45894621	2	2	0	2	0	37
17	45894726	45895634	2	2	0	2	0	17
17	45895753	45895871	2	2	0	2	0	23
17	45895983	45896351	2	2	0	1	0	37
17	45897463	45897569	2	2	0	2	0	19
17	46022082	46022924	1	1	0	2	0	36
17	46022979	46023226	1	1	0	1	0	16
17	46023356	46023688	1	1	0	1	0	13
17	46023760	46023979	1	1	0	1	0	30
17	46105877	46106490	2	2	0	2	0	26
17	46106543	46109521	2	2	0	1	0	13
17	46110108	46110576	2	2	0	2	0	36
17	46110669	46111228	2	2	0	1	0	23
17	46111311	46114216	2	2	0	1	0	27
17	46152463	46153362	2	2	0	1	0	17
17	46154404	46178629	2	2	0	2	0	36
17	46674035	46675097	2	2	0	7	0	34
17	46681978	46682223	2	2	0	1	0	19
17	47294061	47295100	1	1	0	1	0	25
17	47295278	47296901	1	1	0	4	0	37
17	47296988	47297219	1	1	0	3	0	33
17	47297316	47297530	1	1	0	1	0	29
17	47297689	47299452	1	1	0	1	0	37
17	47299588	47299913	1	1	0	1	0	32
17	47572846	47579424	1	1	0	1	0	34
17	47588027	47589253	1	1	0	2	0	33
17	47589415	47590069	1	1	0	3	0	31
17	48141569	48141891	1	1	0	1	0	25
17	48145670	48148207	1	1	0	1	0	25
17	48148295	48148674	1	1	0	2	0	36
17	48149547	48151279	1	1	0	1	0	22
17	48151369	48151507	1	1	0	1	0	22
17	48151645	48151811	1	1	0	2	0	37
17	48152891	48152962	1	1	0	5	0	24
17	48153100	48153689	1	1	0	1	0	36
17	48153840	48153947	1	1	0	3	0	31
17	48154046	48154337	1	1	0	1	0	30
17	48154486	48154742	1	1	0	4	0	37
17	48154812	48155409	1	1	0	2	0	37
17	48155490	48155570	1	1	0	1	0	31
17	48155649	48156187	1	1	0	1	0	23
17	48156291	48156439	1	1	0	1	0	16
17	48156623	48156798	1	1	0	1	0	31
17	48157740	48158673	1	1	0	1	0	17
17	48158773	48165107	1	1	0	1	0	33
17	48165234	48166473	1	1	0	1	0	37
17	48173651	48174786	1	1	0	1	0	12
17	48174929	48182734	1	1	0	3	0	37
17	48183434	48184157	1	1	0	2	0	19
17	48184248	48184439	1	1	0	1	0	28
17	48184518	48185519	1	1	0	4	0	30
17	48185597	48185682	1	1	0	2	0	31
17	48185782	48185975	1	1	0	1	0	27
17	48186084	48186650	1	1	0	1	0	28
17	48186765	48187320	1	1	0	1	0	24
17	48263010	48263138	2	2	0	2	0	30
17	48263382	48263677	2	2	0	1	0	36
17	48263869	48264000	2	2	0	2	0	16
17	48264284	48264375	2	2	0	1	0	18
17	48264899	48265236	2	2	0	2	0	15
17	48265999	48266102	2	2	0	2	0	32
17	48266157	48266263	2	2	0	2	0	27
17	48266900	48267039	2	2	0	1	0	24
17	48267742	48267903	2	2	0	1	0	20
17	48268286	48268743	2	2	0	2	0	29
17	48269890	48270000	2	2	0	2	0	20
17	48270055	48270157	2	2	0	2	0	33
17	48270212	48270354	2	2	0	1	0	30
17	48270409	48271303	2	2	0	2	0	36
17	48271403	48271490	2	2	0	2	0	35
17	48271545	48271709	2	2	0	1	0	12
17	48271988	48272081	2	2	0	3	0	26
17	48272190	48272407	2	2	0	3	0	26
17	48272462	48272592	2	2	0	1	0	36
17	48272692	48272794	2	2	0	1	0	25
17	48272840	48272927	2	2	0	2	0	35
17	48273338	48273515	2	2	0	3	0	34
17	48273729	48273844	2	2	0	2	0	14
17	48273890	48273977	2	2	0	1	0	20
17	48274032	48274370	2	2	0	1	0	29
17	48274425	48274540	2	2	0	1	0	23
17	48274595	48275092	2	2	0	2	0	33
17	48275364	48275521	2	2	0	2	0	18
17	48275567	48275793	2	2	0	3	0	29
17	48275866	48276586	2	2	0	3	0	31
17	48276689	48276778	2	2	0	4	0	37
17	48277309	48278771	2	2	0	2	0	34
17	48431484	48431768	1	1	0	1	0	13
17	48431945	48432214	1	1	0	2	0	32
17	48432418	48432861	1	1	0	3	0	21
17	48433359	48433445	1	1	0	1	0	19
17	48434135	48434417	1	1	0	1	0	14
17	48434614	48435567	1	1	0	1	0	13
17	48447461	48447815	2	2	0	1	0	36
17	48447948	48450491	2	2	0	4	0	36
17	48460597	48462478	2	2	0	3	0	34
17	48465494	48469758	2	2	0	4	0	32
17	48472350	48474573	2	2	0	1	0	29
17	48625815	48625914	1	1	0	4	0	33
17	48626849	48627345	1	1	0	2	0	23
17	48627477	48627568	1	1	0	3	0	34
17	48627972	48628068	1	1	0	2	0	33
17	48628279	48628358	1	1	0	2	0	29
17	48628552	48628871	1	1	0	1	0	17
17	48629041	48629329	1	1	0	1	0	26
17	49231806	49233011	1	1	0	1	0	14
17	49340748	49343542	1	1	0	1	0	37
17	49343642	49346197	1	1	0	1	0	34
17	49346266	49350722	1	1	0	1	0	21
17	49350812	49353226	1	1	0	1	0	22
17	49353353	49354490	1	1	0	2	0	36
17	49354666	49357365	1	1	0	3	0	37
17	49357467	49357749	1	1	0	3	0	31
17	49357841	49362605	1	1	0	2	0	13
17	49362730	49365389	1	1	0	1	0	26
17	49371407	49374325	1	1	0	1	0	17
17	53345448	53392587	1	1	0	1	0	33
17	56272532	56274299	1	1	0	2	0	36
17	56274619	56276400	1	1	0	2	0	28
17	56276562	56276899	1	1	0	1	0	34
17	56277156	56277585	1	1	0	1	0	15
17	56277757	56280441	1	1	0	3	0	27
17	56280680	56281582	1	1	0	1	0	34
17	56281796	56282096	1	1	0	2	0	37
17	56350280	56350774	2	2	0	3	0	22
17	56351031	56352902	2	2	0	1	0	17
17	56353064	56355187	2	2	0	1	0	16
17	56355507	56356368	2	2	0	2	0	36
17	56356788	56356883	2	2	0	2	0	37
17	56357008	56357199	2	2	0	1	0	26
17	56357821	56357965	2	2	0	1	0	31
17	56424603	56424889	2	2	0	1	0	16
17	56428870	56429427	2	2	0	1	0	28
17	57970687	57987922	1	1	0	1	0	37
17	57990166	57991995	1	1	0	1	0	12
17	57992065	58003795	1	1	0	2	0	27
17	58003944	58007477	1	1	0	3	0	23
17	58007536	58008982	1	1	0	1	0	13
17	58009084	58011530	1	1	0	1	0	15
17	58011622	58011794	1	1	0	1	0	17
17	58011886	58012553	1	1	0	2	0	20
17	58013639	58013824	1	1	0	1	0	33
17	58013903	58018196	1	1	0	1	0	17
17	58123591	58124669	2	2	0	1	0	13
17	58124767	58125624	2	2	0	2	0	30
17	58125750	58126940	2	2	0	1	0	35
17	58132963	58133475	2	2	0	1	0	13
17	58133599	58134408	2	2	0	1	0	23
17	58134765	58136782	2	2	0	3	0	29
17	58136883	58137250	2	2	0	1	0	27
17	58137458	58143569	2	2	0	2	0	17
17	58143748	58144794	2	2	0	2	0	21
17	58147210	58148066	2	2	0	2	0	35
17	58148169	58149575	2	2	0	1	0	15
17	58150641	58151106	2	2	0	2	0	34
17	58153599	58156056	2	2	0	1	0	21
17	58525196	58529240	2	2	0	2	0	20
17	58529407	58531662	2	2	0	1	0	33
17	58533743	58538023	2	2	0	1	0	30
17	58539277	58539354	2	2	0	1	0	16
17	58539423	58541381	2	2	0	1	0	26
17	58541472	58543651	2	2	0	1	0	17
17	58543821	58556508	2	2	0	2	0	26
17	58556633	58571826	2	2	0	1	0	21
17	58577849	58603154	2	2	0	1	0	15
17	61824322	61829299	2	2	0	1	0	24
17	61830160	61831792	2	2	0	5	0	33
17	61831879	61833599	2	2	0	1	0	37
17	61833711	61833828	2	2	0	1	0	15
17	61838340	61838589	2	2	0	2	0	14
17	61838712	61841375	2	2	0	1	0	12
17	61841551	61842099	2	2	0	1	0	16
17	61842208	61843271	2	2	0	1	0	22
17	61910531	61910657	2	2	0	1	0	19
17	61910781	61910946	2	2	0	2	0	21
17	61911083	61911268	2	2	0	4	0	28
17	61911367	61911526	2	2	0	2	0	34
17	61911689	61911833	2	2	0	2	0	33
17	61911936	61912064	2	2	0	2	0	20
17	61912161	61912771	2	2	0	3	0	13
17	61912928	61914281	2	2	0	3	0	29
17	61914405	61914554	2	2	0	2	0	31
17	62006685	62006793	2	2	0	1	0	24
17	62007249	62007433	2	2	0	2	0	36
17	62078898	62079092	1	1	0	1	0	20
17	62496445	62496666	2	2	0	2	0	35
17	62496892	62498127	2	2	0	1	0	37
17	62498188	62498279	2	2	0	1	0	18
17	62498342	62498556	2	2	0	3	0	30
17	62499690	62499920	2	2	0	3	0	36
17	62499987	62500100	2	2	0	1	0	33
17	62500437	62500794	2	2	0	2	0	13
17	64208307	64210570	2	2	0	2	0	32
17	64213086	64216671	2	2	0	3	0	19
17	64219893	64222145	2	2	0	2	0	25
17	64222243	64224137	2	2	0	3	0	36
17	64873647	64875089	1	1	0	1	0	32
17	64876815	64880632	1	1	0	3	0	36
17	65050187	65051218	1	1	0	1	0	18
17	65051357	65052160	1	1	0	2	0	21
17	66533883	66535477	2	2	0	4	0	36
17	66535538	66536025	2	2	0	1	0	13
17	66536108	66536989	2	2	0	1	0	23
17	66538307	66538834	2	2	0	4	0	33
17	66538951	66539769	2	2	0	1	0	23
17	66539859	66548013	2	2	0	1	0	35
17	66548093	66550917	2	2	0	1	0	17
17	66551885	66554470	2	2	0	1	0	32
17	73554318	73554592	1	1	0	1	0	16
17	73555492	73559096	1	1	0	1	0	34
17	73559260	73559411	1	1	0	2	0	19
17	73560589	73564556	1	1	0	4	0	30
17	73564921	73565058	1	1	0	2	0	23
17	73565213	73565301	1	1	0	1	0	25
17	73565407	73566043	1	1	0	2	0	22
17	73566580	73567030	1	1	0	1	0	20
17	73567182	73567747	1	1	0	2	0	24
17	73567865	73567978	1	1	0	1	0	21
17	73569713	73570032	1	1	0	2	0	19
17	73570062	73570293	1	1	0	1	0	29
17	73720863	73723274	1	1	0	1	0	35
17	73723358	73723484	1	1	0	1	0	25
17	73725518	73726321	1	1	0	2	0	29
17	73727046	73727326	1	1	0	1	0	21
17	73727450	73727892	1	1	0	1	0	18
17	73728055	73728243	1	1	0	2	0	28
17	73729774	73732131	1	1	0	1	0	15
17	73732236	73732368	1	1	0	3	0	23
17	73732776	73733402	1	1	0	2	0	25
17	73733526	73733618	1	1	0	2	0	19
17	73733726	73735752	1	1	0	1	0	12
17	73735787	73735960	1	1	0	2	0	36
17	73736153	73736438	1	1	0	1	0	16
17	73736543	73736873	1	1	0	2	0	33
17	73736933	73737062	1	1	0	1	0	15
17	73737087	73738421	1	1	0	1	0	24
17	73738843	73739793	1	1	0	1	0	32
17	73739943	73744921	1	1	0	1	0	20
17	73745127	73746191	1	1	0	1	0	26
17	73746350	73746760	1	1	0	1	0	21
17	73747193	73748254	1	1	0	2	0	16
17	73748438	73748526	1	1	0	1	0	28
17	73748659	73749845	1	1	0	3	0	26
17	73750056	73750656	1	1	0	2	0	35
17	73751932	73752509	1	1	0	1	0	32
17	73752699	73752784	1	1	0	5	0	34
17	73752941	73753023	1	1	0	2	0	30
17	73753189	73753280	1	1	0	2	0	37
17	73753392	73753496	1	1	0	1	0	25
17	73754454	73754529	2	2	0	1	0	26
17	73754681	73758784	2	2	0	1	0	17
17	73758967	73759094	2	2	0	2	0	29
17	73759231	73759400	2	2	0	1	0	16
17	73759521	73759977	2	2	0	4	0	37
17	73760168	73761052	2	2	0	2	0	34
17	73826233	73826442	2	2	0	2	0	21
17	73826743	73827178	2	2	0	2	0	31
17	73827251	73827323	2	2	0	3	0	35
17	73829127	73830155	2	2	0	1	0	33
17	73830225	73830405	2	2	0	1	0	37
17	73830613	73830698	2	2	0	2	0	36
17	73830798	73831000	2	2	0	1	0	21
17	73831145	73831489	2	2	0	1	0	18
17	73831988	73832092	2	2	0	2	0	27
17	73832338	73832419	2	2	0	1	0	15
17	73832778	73832881	2	2	0	2	0	37
17	73833000	73835919	2	2	0	2	0	37
17	73836024	73836098	2	2	0	3	0	22
17	73836411	73836587	2	2	0	1	0	12
17	73836658	73836842	2	2	0	1	0	27
17	73836912	73837037	2	2	0	2	0	29
17	73837083	73838513	2	2	0	3	0	37
17	73838695	73838937	2	2	0	2	0	31
17	74562354	74563534	2	2	0	1	0	21
17	74564879	74566646	2	2	0	2	0	21
17	74566751	74568718	2	2	0	2	0	19
17	74568858	74569276	2	2	0	1	0	28
17	74569446	74570446	2	2	0	3	0	26
17	74574899	74581765	2	2	0	1	0	25
17	74621610	74621900	2	2	0	1	0	25
17	74622001	74622087	2	2	0	2	0	33
17	74622178	74622370	2	2	0	1	0	14
17	74622475	74622732	2	2	0	4	0	30
17	74622872	74623148	2	2	0	1	0	33
17	74625794	74639589	2	2	0	1	0	34
17	76167136	76167590	1	1	0	1	0	26
17	76167731	76167819	1	1	0	3	0	35
